1.5357
1.25165
1.37369
2.25337
1.91803
1.73787
1.69789
1.71549
1.7848
1.84912
1.84753
1.85269
1.82927
1.83521
1.87401
1.87228
1.85096
1.85655
1.84871
1.83986
1.82584
1.82486
1.79314
1.85627
1.85423
1.884
1.83451
1.8309
1.84657
1.82721
1.86356
1.87569
1.88473
1.93252
1.87853
1.88479
1.90533
1.87251
1.88049
1.8951
1.8954
1.87191
1.87532
1.88859
1.84449
1.8863
1.88708
1.8643
1.90998
1.86526
1.90988
1.91313
1.87925
1.89119
1.89866
1.8631
1.88022
1.86441
1.85118
1.85712
1.88023
1.86144
1.85096
1.84413
1.86253
1.81756
1.8128
1.87715
1.89933
1.90584
1.9394
1.83878
1.83729
1.84752
1.81584
1.75457
1.79495
1.81905
1.83934
1.83851
1.86944
1.84503
1.81538
1.77657
1.78581
1.84044
1.84127
1.80761
1.82302
1.82757
1.79186
1.83075
1.81425
1.79183
1.81339
1.79164
1.78466
1.79826
1.84463
1.84002
1.81699
1.83306
1.8166
1.82764
1.82329
1.83565
1.91448
1.87947
1.85487
1.89209
1.90367
1.86221
1.8769
1.85287
1.82669
1.84055
1.82417
1.86061
1.87847
1.92629
1.91987
1.90145
1.84761
1.85171
1.86796
1.85327
1.92978
1.91412
1.86952
1.85059
1.84864
1.85788
1.83258
1.80881
1.84543
1.91203
1.90811
1.90359
1.89519
1.88427
1.8562
1.89625
1.87355
1.90169
1.89144
1.91809
1.92553
1.93754
1.89385
1.85635
1.92678
1.88801
1.97436
2.01826
1.96092
1.95523
1.93879
1.97248
2.01045
1.94362
1.99989
2.00068
2.0034
1.98256
1.9728
2.00245
2.00373
2.00009
1.99079
1.93981
2.02205
2.0089
1.972
1.96804
1.98862
1.98381
1.98398
2.0145
2.00175
2.00979
2.00714
2.007
1.99211
2.01438
2.04212
2.0411
2.04463
2.05338
2.03022
2.04267
2.00529
1.96407
2.0391
2.01956
2.03412
2.06478
2.00937
2.05219
2.02113
2.04478
2.0794
2.02489
2.02017
2.01532
2.01782
2.0136
2.05625
2.06338
2.09106
2.05823
2.06807
1.9979
2.05475
2.01901
2.0399
2.03053
2.05321
2.07928
2.07537
2.14389
2.16208
2.06834
2.09433
2.11999
2.00404
2.03162
2.09875
2.05471
2.08451
2.10459
2.20452
2.14876
2.11302
2.1247
2.12214
2.14609
2.13367
2.11092
2.07448
2.09237
2.09894
2.09651
2.14209
2.10704
2.12927
2.09833
2.15247
2.13192
2.13884
2.17461
2.14218
2.09169
2.14815
2.16408
2.1238
2.15329
2.2089
2.25589
2.22031
2.23219
2.15877
2.18721
2.21914
2.22419
2.1932
2.1905
2.16892
2.18125
2.16937
2.22278
2.23926
2.26312
2.18347
2.20459
2.19866
2.2195
2.19958
2.15113
2.15759
2.15749
2.11927
2.1925
2.20045
2.11797
2.1413
2.16515
2.21348
2.20548
2.25879
2.2014
2.1962
2.14965
2.13601
2.22132
2.20707
2.18893
2.23509
2.27788
2.22576
2.22054
2.02975
2.00821
2.03117
2.09001
2.04059
2.02826
2.10738
2.11335
2.12006
2.07432
2.07653
2.14762
2.13588
2.09162
2.11631
2.12545
2.1083
2.10357
2.12056
2.09572
2.11968
2.14532
2.0747
2.09253
2.10519
2.12721
2.12792
2.10209
2.14898
2.13756
2.12672
2.09581
2.04425
2.10239
2.14316
2.11956
2.13035
2.12114
2.09671
2.139
2.14968
2.12402
2.16187
2.17258
2.19056
2.22425
2.17898
2.18918
2.22102
2.21696
2.26433
2.22843
2.22598
2.27999
2.2793
2.25301
2.28468
2.19174
2.2023
2.20421
2.2555
1.91272
1.86953
1.87862
1.90336
1.94262
2.00456
2.07991
2.07487
2.0831
2.10963
2.0806
2.0583
2.07455
2.18759
1.93934
1.82725
2.03189
2.31939
2.18911
2.15793
2.16197
2.20492
2.17088
2.212
2.16704
2.19664
2.15666
2.17013
2.17775
2.23279
2.18581
2.1677
2.20224
2.24346
2.22204
2.20098
2.20112
2.18364
2.19113
2.23396
2.22212
2.23657
2.29066
2.27534
2.19931
2.24129
2.29735
2.28848
2.26391
2.23236
2.24135
2.3001
2.2336
2.24511
2.23082
2.1461
2.21208
2.19606
2.21915
2.24723
2.22506
2.18304
2.22064
2.25469
2.22293
2.2025
2.19184
2.16214
2.1665
2.18383
2.20898
2.22064
2.15137
2.2455
2.23407
2.23418
2.2687
2.28675
2.24285
2.19062
2.23928
2.21996
2.28526
2.24053
2.2197
2.20954
2.25324
2.23131
2.24299
2.05378
1.99972
2.03486
2.05156
2.02327
2.04117
2.0535
2.02691
2.03623
2.03896
2.07828
2.09648
2.09495
2.06383
2.10622
2.15154
2.055
2.04978
2.07228
2.05493
2.11937
2.12636
2.06408
2.0517
2.05232
2.12083
2.11351
2.13951
2.09853
2.08025
2.07733
2.11778
2.11579
2.14355
2.14221
2.14574
2.15129
2.12343
2.20567
2.24064
2.21241
2.19993
2.16262
2.18744
2.21671
2.30784
2.17952
2.18593
2.13958
2.17503
2.22422
2.23244
2.18262
2.17112
2.17712
2.17013
2.18871
2.1817
2.19361
2.16824
2.16774
2.15433
2.17388
2.16477
2.19091
2.179
2.18457
2.25906
2.19744
2.20743
2.18067
2.14349
2.18911
2.20207
2.15767
2.16063
2.16893
2.17503
2.16836
2.21651
2.22608
2.21131
2.2213
2.16919
2.22
2.19709
2.16965
2.15886
2.15253
2.15753
2.1174
2.13289
2.12129
2.11152
2.17243
2.13271
2.1181
2.16216
2.15549
2.17041
2.16771
2.14929
2.20548
2.15867
2.1255
2.11074
2.15769
2.17699
2.16947
2.11957
2.12449
2.14554
2.1985
2.14648
2.1148
2.14079
2.07404
2.14908
2.1631
2.10026
2.15601
2.14026
2.12693
2.16535
2.14327
2.11549
2.13312
2.10387
2.11712
2.16767
2.13069
2.1378
2.10391
2.03509
2.12054
2.17964
2.17156
2.20435
2.18306
2.1966
2.1496
2.11219
2.11546
2.19759
2.17841
2.1712
2.17236
2.20388
2.16992
2.16213
2.05425
2.05199
2.00075
2.05027
2.04137
2.03441
2.03242
2.04237
2.01942
2.03537
2.05142
2.07733
2.04159
2.07763
2.06251
2.10602
2.10524
2.11969
2.0748
2.05716
2.03787
2.06372
2.0726
2.07065
2.08925
2.00239
1.76008
1.72776
1.78483
1.86015
1.88574
2.00253
1.9652
1.999
1.99069
1.98249
1.96284
2.03954
2.03294
2.02761
1.98794
2.00916
1.97435
1.82146
1.97008
1.7871
1.82346
1.98396
2.00579
2.07532
2.09764
2.10972
2.09919
2.13361
2.16801
2.177
2.23472
2.16801
2.18857
2.15958
2.1356
2.12173
2.10055
2.12728
2.11275
2.12758
2.14004
2.15463
2.16845
2.19562
2.18334
2.12102
2.1403
2.12986
2.07895
2.11522
2.13572
2.14712
2.11183
2.16582
2.19139
2.20811
2.18535
2.1848
2.14689
2.16209
2.18864
2.15619
2.13425
2.12764
2.15385
2.1291
2.10151
2.09931
2.13799
2.10136
2.14217
2.13318
2.1408
2.13637
2.14948
2.13697
2.15233
2.13173
2.15521
2.07078
2.17309
2.19616
2.16793
2.15119
2.11863
2.09777
2.18123
2.17998
2.18167
2.11923
2.07305
2.16134
2.15562
2.16042
2.18417
2.18894
2.15264
2.15052
2.16002
2.15757
2.19419
2.18784
2.15825
2.12184
2.14015
2.21546
2.18884
2.09829
2.14671
2.18215
2.17967
2.25053
2.25838
2.20942
2.16267
2.14076
2.17942
2.16042
2.17724
2.17791
2.19857
2.18401
2.20549
2.20803
2.16567
2.14762
2.15806
2.19545
2.18204
2.17761
2.16364
2.18856
2.19064
2.18044
2.17879
2.20991
2.19908
2.19814
2.20154
2.25809
2.2171
2.21406
2.20236
2.18191
2.15093
2.17109
2.16274
2.12021
2.19432
2.16822
2.19059
2.13361
2.15202
2.1374
2.13853
2.11388
2.11857
2.13194
2.15654
2.19571
2.13606
2.13087
2.07275
2.22685
2.20996
2.2211
2.21936
2.20905
2.22512
2.24347
2.16639
2.20853
2.25036
2.24035
2.21466
2.27928
2.19323
2.25864
2.237
2.21492
2.2685
2.20795
2.25705
2.21259
2.27619
2.27606
2.28473
2.2612
2.2152
2.24885
2.27206
2.30995
2.25108
2.28081
2.32095
2.2187
2.26853
2.33159
2.2343
2.25246
2.26337
2.24515
2.26038
2.32118
2.32528
2.36355
2.32824
2.2907
2.26616
2.26524
2.31557
2.30834
2.32981
2.2735
2.25937
2.19575
2.21474
2.20268
2.21024
2.18675
2.19417
2.2023
2.28204
2.23508
2.20181
2.17676
2.17839
2.18138
2.15954
2.15431
2.23097
2.24427
2.22656
2.19803
2.14756
2.16596
2.22602
2.19182
2.2085
2.23024
2.17067
2.17712
2.17076
2.16624
2.26923
2.24404
2.25273
2.24953
2.18504
2.17931
2.26354
2.22115
2.2345
2.19284
2.19796
2.24037
2.23227
2.1629
2.19202
2.23884
2.27253
2.28769
2.2843
2.25479
2.21841
2.22813
2.29111
2.29293
2.27277
2.2671
2.25528
2.30011
2.28553
2.28082
2.16003
2.16866
2.18083
2.18287
2.13018
2.1298
2.16598
2.16412
2.16655
2.14391
2.12718
2.18336
2.15039
2.09002
2.08277
2.09019
2.15638
2.16312
2.16215
2.16533
2.10236
2.11279
2.14575
2.12036
2.14402
2.19176
2.20058
2.16319
2.13755
2.12352
2.1187
2.18558
2.1244
2.14364
2.19166
2.18966
2.15149
2.15533
2.11482
2.17578
2.2143
2.18179
2.21326
2.15071
2.1601
2.20272
2.2259
2.19307
2.18942
2.24701
2.28513
2.25021
2.21697
2.2055
2.15118
2.21598
2.25582
2.19234
2.1861
2.26355
2.2368
2.24645
2.22228
2.18259
2.15301
2.19962
2.18082
2.21446
2.1552
2.22556
2.21034
2.17753
2.19261
2.18702
2.15128
2.17955
2.13057
2.1943
2.18618
2.20984
2.24682
2.17712
2.19001
2.18097
2.20972
2.16826
2.20425
2.14373
2.15219
2.17969
2.11813
2.13517
2.11516
2.1014
2.13062
2.14402
2.18755
2.12895
2.18064
2.18791
2.18978
2.19516
2.17717
2.1711
2.13972
2.1107
2.18652
2.22577
2.18322
2.1652
2.17008
2.17746
2.23283
2.2035
2.20817
2.164
2.10299
2.14231
2.13475
2.24177
2.25378
2.2644
2.15881
2.19738
2.19016
2.17461
2.1322
2.14046
2.13402
2.1367
2.19068
2.18713
2.1574
2.10966
2.20127
2.19296
2.21332
2.25805
2.26072
2.21075
2.21577
2.1586
2.22558
2.23588
2.21748
2.15173
2.2124
2.24512
2.22252
2.19611
2.09059
2.0629
2.0675
2.0736
2.07387
2.08811
2.07468
2.04932
2.10827
2.06608
2.10231
2.11026
2.07692
2.12472
2.12346
2.08514
2.0736
2.05185
2.02869
2.05158
2.11339
2.12882
2.10181
2.05801
2.02402
2.01714
2.06206
2.09441
2.07078
2.04453
2.07425
2.05217
2.06486
2.09948
2.12071
2.1025
2.08585
2.11367
2.10016
2.0968
2.10021
2.14328
2.09732
2.10501
2.11591
2.13321
2.07532
2.1005
2.06825
2.05924
2.08453
2.10996
2.10811
2.05688
2.10278
2.07794
2.06983
2.05108
2.07137
2.04901
2.04936
2.06202
2.02034
2.04194
2.05319
2.02316
2.02552
2.03665
2.02551
2.05383
2.05706
2.05471
2.03929
2.00483
2.01828
1.98564
1.9931
2.02244
2.02404
2.01079
2.00657
2.02655
2.02944
2.01839
2.0044
2.00568
2.01658
2.03574
1.99299
2.00267
2.00853
2.0034
1.98408
1.97893
1.99642
1.98225
2.00416
1.97776
2.04597
1.99269
1.99607
2.02906
2.0441
2.00498
2.0089
1.97638
2.0182
2.05692
2.0274
2.05945
2.04648
2.08244
2.12816
2.09967
2.10832
2.06458
2.01173
2.06078
2.08692
2.11416
2.07457
2.09116
2.05616
2.08129
2.07303
2.07413
2.06855
2.089
2.00975
1.99358
2.00177
2.02225
2.0508
1.9447
1.98766
2.00512
2.09977
2.08382
2.06588
2.0842
2.07119
2.07646
2.05575
2.06566
2.08449
2.07807
2.11036
2.07194
2.06737
2.10952
2.13853
2.14498
2.13231
2.15196
2.17481
2.17052
2.17701
2.13203
2.18328
2.15409
2.18253
2.17445
2.23393
2.22137
2.15443
2.15765
2.13541
2.22266
2.22207
2.19162
2.19558
2.25354
2.20863
2.16801
2.21252
2.17272
2.1659
2.21063
2.19138
2.1595
2.22147
2.21546
2.17975
2.21054
2.25254
2.21058
2.17782
2.14411
2.17258
2.2127
2.2185
2.17372
2.19477
2.22393
2.22871
2.25443
2.15987
2.1322
2.12831
2.17292
2.17636
2.16235
2.19988
2.15187
2.14327
2.15639
2.20646
2.15227
2.1653
2.14845
2.16366
2.12767
2.11357
2.16874
2.12864
2.09257
2.08273
2.12714
2.14668
2.14445
2.16427
2.09043
2.10941
2.12914
2.08696
2.08683
2.09138
2.05212
2.06365
2.08648
2.08257
2.0732
2.11235
2.08531
2.06568
2.07291
2.06422
2.0708
2.06636
2.09429
2.06084
2.07231
2.05779
2.08791
2.09773
2.12179
2.04835
2.06798
2.11111
2.12233
2.12732
2.16859
2.16382
2.14422
2.13508
2.12009
2.15061
2.25212
2.23816
2.18814
2.18377
2.17152
2.17633
2.28197
2.1797
2.19728
2.11856
2.15473
2.21164
2.19066
2.18706
2.19272
2.13571
2.1674
2.16793
2.18116
2.15192
2.12086
2.13608
2.11226
2.19172
2.16426
2.15109
2.08102
2.13205
2.08826
2.12784
2.1437
2.12534
2.0576
2.07909
2.08474
2.07595
2.107
2.08203
2.06545
2.09597
2.12372
2.10398
2.03993
2.13682
2.18472
2.16171
2.19989
2.16038
2.22145
2.19436
2.16105
2.15391
2.13497
2.1672
2.18814
2.15396
2.14956
2.14898
2.12284
2.17324
2.14466
2.1522
2.1363
2.21321
2.16003
2.16327
2.18402
2.16828
2.20711
2.16549
2.14845
2.21493
2.15854
2.17855
2.19803
2.18309
2.1991
2.17915
2.22995
2.14254
2.12607
2.18124
2.18646
2.19934
2.19921
2.18688
2.19077
2.25491
2.25982
2.18027
2.17923
2.19733
2.16148
2.19146
2.23081
2.19172
2.2274
2.19246
2.18718
2.22332
2.16971
2.19808
2.16023
2.19112
2.22838
2.16856
2.15997
2.16104
2.16709
2.14551
2.16242
2.17527
2.22508
2.19349
2.14415
2.18905
2.1725
2.13028
2.14543
2.14473
2.18509
2.21395
2.22272
2.21655
2.16966
2.18838
2.18676
2.20544
2.19555
2.17502
2.13402
2.15953
2.2028
2.17271
2.13395
2.12624
2.11135
2.13773
2.10823
2.11269
2.09236
2.1127
2.12845
2.11374
2.1344
2.15997
2.15626
2.13895
2.11682
2.14395
2.16365
2.16758
2.12743
2.13568
2.14916
2.17768
2.14783
2.07692
2.08986
2.07935
2.10631
2.13171
2.13214
2.1695
2.1378
2.11056
2.14176
2.15611
2.15954
2.13886
2.11443
2.11831
2.13053
2.11066
2.15836
2.14619
2.07881
2.10932
2.17572
2.21179
2.22438
2.18774
2.18174
2.21333
2.14964
2.14085
2.1862
2.1843
2.15564
2.20408
2.2066
2.19994
2.23141
2.03774
2.0205
2.02133
2.00613
2.00143
1.98009
2.00656
2.04174
2.03183
2.03084
2.04359
2.04998
2.02619
2.05475
2.01308
2.01473
2.01976
1.96906
1.99747
2.0278
2.02972
2.10275
2.04087
2.00522
2.02213
2.06055
2.06999
2.18737
2.12927
2.10503
2.06189
2.07513
2.05922
2.12748
2.09027
2.11219
2.10916
2.04512
2.0622
2.11643
2.12603
2.11046
2.135
2.15504
2.16614
2.14142
2.12208
2.11771
2.09208
2.06723
2.08377
2.09194
2.08788
2.11079
2.08928
2.05323
2.1112
2.07488
2.08563
2.05248
2.09675
2.06046
2.0602
2.03889
2.03719
2.03947
2.00943
2.07596
2.04619
2.04758
2.03539
1.96971
2.0502
2.01668
1.96373
2.01235
2.0351
2.02397
1.97396
1.97929
2.03415
2.04115
1.9684
1.95953
2.02848
2.06345
2.02907
2.00018
2.05124
2.04715
2.05442
2.0348
1.99293
1.99076
2.05548
2.03937
2.02575
2.00029
2.00264
2.03356
2.00732
1.99109
2.0285
2.00374
2.0159
1.95537
2.00834
2.10344
2.0853
2.06505
2.01977
2.00678
2.04189
2.01443
1.97838
2.03632
1.99234
1.99688
2.01613
2.00677
2.00767
1.99636
1.97523
1.9841
1.97941
1.92366
1.92527
1.95951
1.98292
1.97338
2.03774
2.00978
1.99661
1.94911
1.97449
2.01094
2.02959
2.06549
2.03402
2.01066
1.96106
1.98415
2.03178
2.04804
1.99896
2.00524
2.06218
2.05392
2.04669
2.0287
2.0576
2.13279
2.06731
2.06983
2.04684
2.00313
2.01922
2.0755
2.05516
2.00727
2.01726
2.04849
2.06742
2.04367
2.075
2.08378
2.05402
2.01956
2.0367
2.00348
2.04122
2.07507
2.05696
2.03557
2.08345
2.05503
2.02333
2.02995
2.09643
2.06439
2.058
2.09415
2.01193
2.04705
2.01387
2.04934
2.12048
2.10717
2.12612
2.15785
2.11034
2.0998
2.13769
2.1946
2.16759
2.19012
2.14919
2.13751
2.16497
2.25118
2.23397
2.23899
2.22176
2.20287
2.19532
2.21763
2.19406
2.21266
2.24409
2.21632
2.2386
2.20779
2.20716
2.20447
2.176
2.17019
2.19065
2.24929
2.2463
2.24461
2.27393
2.2184
2.18796
2.20437
2.14886
2.13537
2.15537
2.17952
2.19449
2.18786
2.23497
2.21073
2.18665
2.21226
2.27231
2.23343
2.3129
2.24545
2.26306
2.2705
2.24796
2.27803
2.26968
2.25013
2.30196
2.30749
2.30762
2.29293
2.27514
2.25642
2.29045
2.30634
2.32038
2.31387
2.30471
2.29148
2.31936
2.31993
2.36183
2.27248
2.2957
2.30885
2.29669
2.29039
2.27168
2.27661
2.23532
2.27235
2.27002
2.28736
2.29762
2.28734
2.28449
2.29881
2.29448
2.31163
2.36333
2.30119
2.32986
2.33725
2.33919
2.36438
2.3714
2.29737
2.35418
2.35361
2.38766
2.49151
2.4997
2.42319
2.42037
2.39167
2.35846
2.42685
2.39424
2.39568
2.42407
2.41882
2.35766
2.37748
2.10843
2.1041
2.11867
2.12725
2.11377
2.10283
2.0859
2.08071
2.12831
2.12604
2.08815
2.11354
2.12306
2.07822
2.06751
2.14694
2.13712
2.12631
2.16352
2.14782
2.10991
2.1202
2.08809
2.08312
2.10572
2.1156
2.15116
2.13603
2.13873
2.12643
2.11954
2.09755
2.1216
2.16828
2.15864
2.19345
2.16399
2.12517
2.15437
2.15105
2.15231
2.13503
2.16155
2.18317
2.2067
2.19476
2.2169
2.28132
2.22118
2.2419
2.25259
2.27052
2.26848
2.22662
2.23629
2.24845
2.32799
2.28782
2.28763
2.26441
2.24117
2.21229
2.22226
2.26559
2.23104
2.21374
2.24363
2.26794
2.23391
2.26596
2.2749
2.26197
2.27483
2.2966
2.25568
2.27812
2.24266
2.25774
2.25591
2.26752
2.35806
2.29085
2.26321
2.27388
2.29976
2.29408
2.2718
2.28418
2.31843
2.31663
2.31341
2.258
2.31511
2.33514
2.34012
2.38519
2.34821
2.3241
2.35209
2.36644
2.3568
2.37214
2.39388
2.39775
2.35399
2.36749
2.39526
2.4593
2.44352
2.3903
2.34403
2.32918
2.37056
2.37391
2.3152
2.35281
2.30412
2.36324
2.3561
2.31803
2.38295
2.39778
2.36225
2.38163
2.34117
2.37239
2.35844
2.35976
2.361
2.35229
2.35251
2.3666
2.37744
2.30428
2.40295
2.37417
2.36192
2.44885
2.47054
2.42764
2.3825
2.40274
2.39089
2.41646
2.41174
2.38566
2.42892
2.41437
2.42944
2.41383
1.9528
1.93504
1.96098
1.94755
1.94007
1.94562
1.9573
1.92988
1.94369
1.93313
1.94301
1.95952
2.00219
2.00377
1.97027
2.00497
1.98354
1.96855
1.90591
1.92939
1.94862
1.97831
1.97118
1.9866
1.94424
1.98693
1.98604
1.99786
1.99289
1.98852
1.9989
1.99469
2.01259
2.00318
2.0395
2.04879
2.0057
2.00448
1.96035
1.89063
2.03618
2.12458
2.07709
2.01329
2.02503
2.06978
2.04477
2.05842
2.06617
2.17194
2.17892
2.16613
2.12009
2.1069
2.0993
2.15693
2.17691
2.14293
2.12338
2.12533
2.13207
2.10821
2.13201
2.15696
2.12482
2.12368
2.07572
2.09765
2.08829
2.09005
2.10591
2.07532
2.08791
2.08665
2.09918
2.08993
2.0969
2.06918
2.06979
2.11597
2.09027
2.15474
2.10242
2.11199
2.10224
2.09966
2.05777
2.07111
2.08405
2.05343
2.05032
2.07591
2.07869
2.06643
2.10932
2.09094
2.08362
2.05518
2.07105
2.12793
2.09959
2.08303
2.09659
2.11733
2.11208
2.08977
2.14846
2.14216
2.10869
2.12102
2.10635
2.10423
2.12757
2.10962
2.08438
2.10901
2.04175
2.07524
2.11293
2.13199
2.14932
2.1169
2.05198
2.09062
2.08362
2.11674
2.16044
2.11007
2.05028
2.0443
2.06955
2.13534
2.1212
2.08311
2.08227
2.10523
2.15568
2.2218
2.20307
2.15959
2.12563
2.10697
2.17283
2.21373
2.16567
2.11027
2.17716
2.1628
2.17878
2.15515
2.07426
2.11829
2.07804
2.15306
2.05625
2.0446
2.05801
2.06791
2.04168
2.00849
2.08569
2.0903
2.08508
2.06486
2.07742
2.10891
2.09842
2.08859
2.17323
2.08477
2.09716
2.12536
2.07911
2.03589
2.06658
2.1777
2.1047
2.08188
2.09755
2.08009
2.08663
2.08958
2.08993
2.11411
2.10733
2.11588
2.10737
2.11452
2.1471
2.17369
2.14172
2.14955
2.15321
2.18246
2.16157
2.18815
2.14019
2.18241
2.1669
2.25057
2.26061
2.22033
2.21176
2.23601
2.19917
2.1995
2.21386
2.15381
2.21357
2.17835
2.16223
2.1786
2.26653
2.07493
2.07985
2.16203
2.21812
2.19821
2.19942
2.21858
2.21611
2.17112
2.196
2.18465
2.15138
2.15773
2.17393
2.15502
2.21011
2.18651
2.25114
2.24072
2.18803
2.17097
2.17981
2.18935
2.1612
2.16002
2.1645
2.14975
2.19185
2.16283
2.13926
2.14489
2.19576
2.17429
2.1715
2.16873
2.25546
2.2404
2.21655
2.19364
2.18103
2.19595
2.16959
2.16281
2.22746
2.24711
2.22508
2.22926
2.15774
2.21929
2.19831
2.20306
2.20523
2.16866
2.12987
2.1465
2.24185
2.27131
2.22724
2.23991
2.20661
2.23887
2.20572
2.22716
2.2706
2.24638
2.29114
2.24767
2.23124
2.20032
2.23194
2.19292
2.23593
2.3144
2.27271
2.31321
2.34922
2.2607
2.32783
2.3524
2.36478
2.30573
2.26036
2.24086
2.26118
2.29007
2.31046
2.27605
2.17361
2.23748
2.22408
2.2961
2.21689
2.18007
2.22153
2.18586
2.19202
2.17477
2.18022
2.22794
2.22017
2.3019
2.30631
2.24142
1.96647
1.97064
2.09701
2.14251
2.08566
2.13272
2.03914
2.05678
2.20377
2.16898
2.1822
2.14711
2.243
2.1726
2.15803
2.14245
2.06429
2.19385
2.21716
2.26448
2.26877
2.23726
2.18977
2.22169
2.27367
2.30445
2.30183
2.3336
2.36548
2.41122
2.38589
2.32748
2.3122
2.34625
2.44886
2.4329
2.38637
2.36145
2.32641
2.31711
2.29998
2.33598
2.45784
2.36808
2.37819
2.30396
2.362
2.38995
2.29386
2.26953
2.26325
2.30747
2.35835
2.33595
2.3387
2.77644
1.91199
2.04792
2.23148
2.30903
2.29445
2.22537
2.21149
2.2022
2.29312
2.23746
2.25167
2.24103
2.22196
2.18547
2.26733
2.23325
2.20757
2.19922
2.24693
2.25427
2.24934
2.23272
2.26948
2.23617
2.2561
2.26765
2.25638
2.20102
2.17515
2.20123
2.22594
2.20877
2.2252
2.21477
2.26773
2.2913
2.24633
2.19245
2.19954
2.24083
2.26592
2.19026
2.2223
2.23998
2.16775
2.21652
2.20978
2.19537
2.25042
2.26814
2.22358
2.22057
2.25448
2.2796
2.24189
2.22897
2.22684
2.23582
2.21452
2.25095
2.27561
2.20442
2.27462
2.28296
2.33171
2.37438
2.38291
2.29302
2.30135
2.35661
2.33697
2.37784
2.38841
2.30212
2.40027
2.40584
2.38456
2.38714
2.03501
2.02733
2.06771
2.11042
2.07802
2.06599
2.09757
2.07852
2.07644
2.08208
2.09315
2.04829
2.07617
2.02802
2.06684
2.05676
2.08192
2.09114
2.08671
2.04599
2.06102
2.08862
2.09459
2.04169
2.04425
2.06413
2.05779
2.16637
2.11387
2.0869
2.05287
2.08628
2.05499
2.13027
2.0975
2.12199
2.08132
2.08561
2.09863
2.10017
2.08531
2.10053
2.10858
2.04542
2.09681
2.21134
2.14787
2.15172
2.11122
2.15927
2.17858
2.18481
2.18778
2.221
2.19881
2.19823
2.18981
2.17004
2.23111
2.18162
2.18077
2.14204
2.13667
2.12407
2.08039
2.04861
2.0903
2.11076
2.15855
2.10062
2.07258
2.04306
2.0844
2.03501
2.03659
1.91685
1.93444
1.72089
2.15061
2.0952
2.07829
2.06047
2.05997
2.0554
2.08295
2.05831
2.03292
2.03784
2.09739
2.05371
2.08305
2.08211
2.06945
2.0677
2.0766
2.07885
1.97354
2.03084
2.12372
2.07879
2.05661
2.0555
2.02811
1.83566
1.68536
1.69404
1.86284
1.99643
1.96123
1.97168
1.94552
1.91753
1.96576
1.98833
1.95924
1.9444
1.89286
2.01295
1.98345
1.97794
2.0441
2.072
2.05321
2.06665
2.02814
1.98441
1.99737
1.99507
2.00152
2.02979
2.04472
2.07887
2.08811
1.98382
2.0192
2.05096
2.09806
1.87191
1.81566
1.87294
2.2121
2.01301
1.95446
1.95332
1.93617
1.95664
1.97715
2.01846
2.00424
1.93872
2.05128
2.08911
2.12599
2.15713
2.12461
2.09603
2.0812
2.13251
2.13652
2.13849
2.14424
2.13729
2.09475
2.09518
2.14064
2.17559
2.14189
2.13809
2.1693
2.20754
2.1594
2.18806
2.15193
2.126
2.23263
2.21076
2.17267
2.19954
2.14284
2.17817
2.21883
2.19581
2.1536
2.17719
2.1332
2.20067
2.21881
2.20664
2.15341
2.20952
2.17847
2.16342
2.18366
2.17408
2.1985
2.19815
2.18536
2.15583
2.13471
2.18188
2.14495
2.41309
2.41237
2.22003
2.13681
2.12646
2.16672
2.17567
2.15772
2.12368
2.16538
2.12775
2.14635
2.20901
2.17702
2.15648
2.14706
2.19053
2.14533
2.16518
2.22155
2.11449
2.07616
2.19261
2.10381
2.10093
2.16054
2.13573
2.10732
2.15694
2.1948
2.12777
2.10593
2.11207
2.13144
2.17912
2.13646
2.11438
2.1183
2.12424
2.15994
2.14356
2.09698
2.07052
2.11822
2.111
2.16442
2.13752
2.14576
2.12776
2.16961
2.18289
2.12236
2.1019
2.05071
2.01933
2.12469
2.21485
2.11817
2.1436
2.11355
2.11505
2.12936
2.14806
2.05272
2.05997
2.01038
2.09152
2.07493
2.09125
2.09663
2.07466
2.03746
2.06931
2.063
2.06949
2.08866
2.11196
2.06863
2.03617
2.03482
2.028
2.03523
1.97086
2.04615
2.07791
2.05082
2.12983
2.11107
2.08578
2.05935
2.0469
2.09064
2.16259
2.11472
2.16685
2.15415
2.16446
2.13556
2.09282
2.11969
2.13689
2.1782
2.17458
2.18103
2.11237
2.13707
2.15409
2.13881
2.17625
2.14621
2.15338
2.16807
2.18105
2.17513
2.20552
2.15722
2.15871
2.17687
2.17381
2.16417
2.20946
2.13346
2.18089
2.16517
2.23756
2.20356
2.17422
2.19353
2.13336
2.15035
2.16968
2.17262
2.26544
2.19165
2.20505
2.22989
2.2264
2.20761
2.28321
2.23454
2.23545
2.2102
2.24851
2.3264
2.31859
2.24398
2.27678
2.24
2.27284
2.32104
2.26963
2.25975
2.23776
2.22104
2.28525
2.2317
2.25791
2.27343
2.21487
2.22836
2.21828
2.15989
2.24783
2.19379
2.17053
2.15003
2.18972
2.24277
2.24204
2.19979
2.13268
2.18226
2.18311
2.18943
2.14398
2.11929
2.13929
2.14082
2.1752
2.20271
2.23457
2.15988
2.11845
2.13974
2.15763
2.13361
2.15181
2.14804
2.14281
2.13592
2.12761
2.12958
2.16792
2.14898
2.12997
2.17211
2.13391
2.18402
2.16258
2.15531
2.15859
2.16336
2.19284
2.16278
2.15414
2.22079
2.22841
2.22785
2.21213
2.17293
2.1951
2.21439
2.20216
2.19857
2.14134
2.12031
2.18537
2.15299
2.18237
2.15742
2.18926
2.16745
2.23787
2.16012
2.14849
2.15974
2.1382
2.22886
2.17823
2.12846
2.20628
2.18316
2.15517
2.17829
2.1972
2.20946
2.22801
2.24767
2.1964
2.20942
2.18791
2.24701
2.20391
2.18516
2.18226
2.19241
2.22869
2.2411
2.24743
2.20805
2.256
2.26596
2.32364
2.25273
2.20187
2.2811
2.23123
2.22455
2.2405
2.20498
2.23115
2.25503
2.19283
2.18086
2.19652
2.24495
2.17356
2.20528
2.20507
2.17395
2.23666
2.20174
2.1699
2.17125
2.2263
2.22863
2.19898
2.19445
2.1727
2.18251
2.15545
2.12154
2.19033
2.19541
2.22218
2.22606
2.16265
2.21552
2.23612
2.27007
2.24783
2.2743
2.22782
2.24334
2.26196
2.26737
2.32137
2.25141
2.29026
2.3271
2.36336
2.3265
2.359
2.30888
2.333
2.3789
2.35087
2.38859
2.32934
2.42037
2.35389
2.33885
2.29727
2.3751
2.34798
2.37409
2.41201
2.39628
2.40037
2.39565
2.39861
2.39473
2.369
2.34302
2.38492
2.44118
2.41617
2.36169
2.373
2.42732
2.41747
2.41882
2.38819
2.47334
2.44709
2.33704
2.3278
2.32628
2.30265
2.26897
2.27923
2.29572
2.30444
2.28366
2.23766
2.29068
2.23963
2.27193
2.22374
2.26745
2.16662
2.17909
2.2447
2.22642
2.21235
2.19118
2.19913
2.24981
2.25949
2.21476
2.17347
2.22039
2.27806
2.21117
2.16684
2.18524
2.20392
2.19037
2.24626
2.24176
2.21122
2.24505
2.22271
2.18864
2.24511
2.23082
2.1801
2.16954
2.17536
2.20656
2.18903
2.21574
2.18172
2.19886
2.26405
2.33572
2.33397
2.30705
2.30566
2.29641
2.23431
2.29875
2.21065
2.28336
2.26426
2.23224
2.21982
2.25192
2.28284
2.10216
2.07008
2.01872
2.09278
2.01615
2.02093
2.05573
2.06984
2.06512
2.09358
2.08414
2.06569
2.08978
2.02769
2.08319
2.10561
2.0266
2.02827
2.04014
2.02982
2.02277
2.08727
2.10065
2.01505
2.15595
2.10502
2.04049
2.06582
2.00423
1.99812
2.10762
2.03262
2.00176
2.05091
2.08113
2.11343
2.01302
1.98361
1.98454
2.05801
2.05179
2.03389
2.02137
1.99074
2.05714
2.09824
2.01827
2.06602
2.10093
2.09873
2.1182
2.05377
2.08858
2.08344
2.09567
2.15036
2.2461
2.07696
2.1616
2.09278
2.25977
2.15406
1.97187
1.92219
1.72031
1.75197
1.92047
1.9572
1.85845
1.7855
2.03842
2.12538
2.17106
2.1578
2.06575
2.03286
2.08164
2.10125
2.04148
2.10774
2.14932
2.08114
2.08405
2.11818
2.13633
2.09464
2.12924
2.10689
2.12794
2.1025
2.10457
2.03036
2.00904
2.13701
2.04959
2.03349
2.06696
2.05181
2.17276
2.13244
2.17115
2.10899
2.015
2.09518
2.06036
2.06991
2.11881
2.115
2.07931
2.12966
2.12132
2.02754
2.09463
2.08679
2.06183
2.12225
2.07561
2.04361
2.05901
2.06838
2.07431
2.13531
2.04137
2.09016
2.03667
2.04311
1.99822
1.98675
2.05062
2.05444
2.04023
2.10209
2.00768
1.98892
2.05071
2.05638
2.06924
2.14731
2.10844
2.05279
2.05431
1.99801
2.08002
2.08581
2.00401
1.96284
1.99347
2.03922
1.9527
1.95748
1.8625
1.84843
1.84469
1.91835
1.88816
1.80664
1.79856
1.82868
1.83473
1.83194
1.83767
1.84828
1.87668
1.84447
1.82528
1.86317
1.93089
1.89653
1.90332
1.8761
1.90929
1.92224
1.88287
1.85113
1.85886
1.92438
1.91898
1.90433
1.90687
1.99399
1.91349
1.93937
1.89776
1.87316
1.8853
1.97872
1.90726
1.92216
1.89582
1.93187
1.91194
1.99608
1.99396
2.01531
1.95705
2.00997
1.96273
2.0345
1.97241
1.95324
1.95552
1.97945
1.96991
2.11682
1.98516
1.95008
1.96123
1.9653
1.92494
1.92461
1.94117
1.96235
1.93376
1.88592
1.86028
1.89325
1.93118
1.95237
1.91405
1.94558
1.91369
1.91447
1.89796
1.91548
1.90236
1.92708
1.9371
1.90511
1.96724
1.92542
1.95221
1.92681
1.9425
1.92028
1.93834
1.934
1.95727
1.9413
1.91817
1.93632
1.93675
1.98409
1.96534
1.90859
1.90882
1.88116
1.9125
1.9405
2.02343
1.9564
1.98449
1.96971
2.01103
2.00539
1.94105
1.94953
2.04139
2.00161
1.99742
1.99802
1.96765
1.94549
2.02916
1.99254
2.01231
2.01525
1.91706
1.92507
2.00798
2.04123
2.04142
2.01508
2.06672
2.06377
2.01126
2.05161
2.01574
2.03527
2.01285
1.97472
1.9815
1.99297
1.98411
1.91695
2.03131
2.07975
2.04268
2.08085
2.02392
1.98819
1.99437
2.03994
2.04022
2.06605
1.99521
2.01202
2.10973
2.15029
2.07322
2.10016
1.90232
1.93328
1.94929
1.99092
1.95592
1.98467
1.8773
1.83826
1.81765
1.81041
1.82714
1.87062
1.88108
1.87517
1.96337
1.96998
1.84607
1.83944
1.88778
1.86006
1.8715
1.88798
1.84
1.86706
1.94078
1.96362
1.92886
1.93737
1.91622
1.88527
1.95936
1.98477
1.94208
2.01502
1.95758
2.0069
2.02939
2.01488
1.94352
1.97476
1.95839
2.00132
2.02645
1.99805
1.99166
2.00176
1.91173
1.97344
1.95075
2.02258
2.00006
1.97685
2.00817
1.98642
1.99581
1.9686
1.95089
1.92727
1.96272
1.87898
1.98866
1.98629
1.97316
1.98951
1.95344
1.94209
1.98488
1.98877
1.99487
1.981
2.00173
1.89882
1.90409
1.93513
1.96485
1.99301
1.97081
1.92334
1.93525
1.97088
2.0152
2.01323
1.9455
1.93481
1.92897
1.96294
1.9875
1.94277
1.97702
1.95011
1.93455
1.9632
1.92113
1.90315
1.9754
1.94597
1.94311
1.9445
1.96993
2.02271
1.96835
1.95746
1.9786
1.93985
1.95833
1.94092
1.97105
1.97374
2.03368
2.03039
2.01157
2.00877
2.02153
1.9979
1.97569
1.99272
1.92732
1.96933
2.03715
2.00034
2.03575
1.99761
1.95943
1.96873
1.98673
2.0374
1.98226
1.99158
1.94438
1.93448
1.97773
1.9748
2.00401
1.91223
1.99857
2.00832
2.00699
2.0461
2.05639
2.18462
2.07616
2.08303
2.04269
2.04598
2.03193
2.0721
2.06092
2.08829
1.99965
2.03888
2.19485
2.20623
2.19628
2.21806
2.19188
2.21298
2.22741
2.19962
2.17608
2.1772
2.20205
2.23142
2.22607
2.18418
2.18537
2.20007
2.18668
2.21553
2.19596
2.18731
2.16114
2.23205
2.22208
2.1668
2.1475
2.19714
2.20681
2.23461
2.21819
2.1985
2.15998
2.23119
2.22695
2.20782
2.19534
2.20799
2.23167
2.20365
2.24205
2.32585
2.31511
2.29018
2.27227
2.29668
2.32366
2.29382
2.27675
2.30716
2.30321
2.36487
2.34388
2.35797
2.31877
2.31712
2.34012
2.35184
2.31007
2.31752
2.43525
2.41245
2.35902
2.401
2.44224
2.51639
2.37328
2.44523
2.42782
2.43614
2.48436
2.47636
2.41317
2.42149
2.36119
2.49185
2.42807
2.37152
2.47725
2.48269
2.4404
2.50026
2.48777
2.49477
2.48949
2.45956
2.48537
2.42348
2.4982
2.48519
2.47821
2.41321
2.45401
2.48273
2.41847
2.37119
2.39102
2.48589
2.41284
2.44295
2.48611
2.46687
2.46131
2.45403
2.38245
2.47648
2.43155
2.42326
2.44958
2.42495
2.4799
2.47371
2.41759
2.46933
2.39424
2.43481
2.44731
2.44038
2.45061
2.43395
2.42088
2.51918
2.48136
2.53511
2.46895
2.38814
2.44687
2.46923
2.44319
2.45139
2.36393
2.37186
2.42415
2.45641
2.48347
2.30951
2.41329
2.43671
2.44095
2.51671
2.54771
2.40861
2.37897
2.29776
2.32035
2.36487
2.35266
2.31196
2.33753
2.39128
2.35449
2.32336
2.24185
2.2157
2.25898
2.30975
2.25658
2.2606
2.28124
2.23666
2.19702
2.24188
2.24944
2.26042
2.26119
2.29242
2.20416
2.20705
2.20489
2.29811
2.30052
2.25387
2.2814
2.27352
2.22713
2.25258
2.29886
2.32324
2.30237
2.3304
2.27534
2.29613
2.32045
2.30981
2.30907
2.36123
2.33521
2.37932
2.36722
2.35546
2.35408
2.37377
2.39873
2.45307
2.45846
2.46206
2.44054
2.48302
2.43907
2.42305
2.41987
2.45268
2.47194
2.39155
2.41026
2.35093
2.37245
2.38998
2.42419
2.35658
2.40935
2.34584
2.39475
2.38897
2.36872
2.36629
2.37119
2.38861
2.34969
2.36645
2.37428
2.39524
2.40346
2.31624
2.28442
2.40372
2.30189
2.33528
2.31712
2.35655
2.30781
2.24705
2.40774
2.35935
2.36922
2.329
2.33097
2.31695
2.32429
2.31568
2.33859
2.31342
2.2597
2.3291
2.32722
2.32518
2.3785
2.33274
2.36908
2.33859
2.38457
2.32241
2.34634
2.3223
2.32138
2.3379
2.33933
2.31328
2.34034
2.36724
2.35525
2.37464
2.3879
2.38568
2.33405
2.34423
2.29977
2.32921
2.26753
2.30011
2.31927
2.28897
2.30545
2.31095
2.26802
2.31508
2.31571
2.33547
2.35853
2.31727
2.24417
2.31159
2.35304
2.33894
2.38
2.26382
2.34613
2.38729
2.36848
2.44473
2.45221
2.37417
2.42689
2.35772
2.46845
2.3769
2.3365
2.34754
2.40326
2.39989
2.39109
2.36543
2.15194
2.13896
2.11684
2.14036
2.06983
2.07787
2.12698
2.07147
2.10253
2.0594
2.1057
2.1249
2.10582
2.10125
2.11906
2.13426
2.07819
2.12273
2.13123
2.07197
2.05127
2.08269
2.08075
2.04386
2.06546
2.05783
2.06336
2.0677
2.0586
2.06562
2.01494
2.05464
2.05834
2.10067
2.06283
2.07806
2.03822
2.02744
2.07538
2.09625
2.08039
2.07591
2.13478
2.14601
2.13298
2.13735
2.09287
2.09683
2.15803
2.21048
2.16068
2.16143
2.12598
2.15818
2.15937
2.18562
2.17259
2.17785
2.19171
2.18979
2.20957
2.18526
2.15925
2.19136
2.19217
2.15128
2.15077
2.19177
2.25724
2.28631
2.34708
2.22093
2.2003
2.26735
2.2015
2.18164
2.19138
2.26416
2.23127
2.28834
2.32631
2.28896
2.28826
2.23452
2.23518
2.18416
2.2101
2.22695
2.22093
2.25258
2.18539
2.12607
2.11935
2.15785
2.19338
2.22262
2.24457
2.1285
2.14608
2.10941
2.20133
2.2163
2.23129
2.13629
2.14527
2.14974
2.19832
2.19209
2.20505
2.15973
2.20574
2.20247
2.20628
2.19415
2.15134
2.08711
2.09251
2.20857
2.19142
2.18256
2.17722
2.16434
2.25067
2.19833
2.11213
2.09676
2.11295
2.17701
2.17346
2.1419
2.12718
2.26504
2.20509
2.11174
2.16139
2.11676
2.11287
2.15724
2.20659
2.18604
2.20242
2.14541
2.15442
2.17154
2.14278
2.12127
2.1543
2.17533
2.13609
2.1678
2.27607
2.07261
1.83604
1.84671
1.89145
2.00383
2.01916
2.04335
2.04635
2.04403
2.07539
2.08088
2.08616
2.06006
2.06362
2.17872
2.13368
2.10601
2.14713
2.12626
2.14408
2.20147
2.13777
2.16531
2.17507
2.17756
2.20284
2.18788
2.16173
2.16254
2.15193
2.18693
2.09966
2.14433
2.19768
2.23128
2.22037
2.20307
2.2534
2.24338
2.18161
2.1798
2.21245
2.18386
2.18814
2.27347
2.26358
2.22013
2.20326
2.27409
2.22614
2.20359
2.17137
2.08894
2.12874
2.17474
2.1688
2.1058
2.12166
2.109
2.1337
2.08209
2.08916
2.15767
2.13209
2.08736
2.09266
2.08543
2.07172
2.13887
2.13468
2.04614
2.03008
2.06961
2.01821
2.0639
2.07348
2.0627
2.08578
2.17335
2.18474
2.13693
2.10837
2.09983
2.1694
2.17016
2.14236
2.09434
2.17928
2.1626
2.13734
2.10172
2.11149
2.09252
2.148
2.14507
2.18653
2.14367
2.13411
2.1094
2.13612
2.17707
2.13733
2.09752
2.07852
2.08037
2.1508
2.13385
2.11621
2.16246
2.13512
2.14185
2.16129
2.08489
2.07399
2.07234
2.07341
2.1205
2.1439
2.13663
2.1519
2.10963
2.10754
2.11444
2.13526
2.14918
2.10596
2.09794
2.09025
2.11716
2.12668
2.15185
2.10874
2.03043
2.09797
2.14618
2.15096
2.16975
2.16472
2.19327
2.15207
2.10093
2.12757
2.12039
2.11405
2.11823
2.16545
2.16916
2.13374
2.11677
2.28338
2.24159
2.33015
2.32814
2.31989
2.26668
2.27555
2.28297
2.29434
2.32692
2.28868
2.30247
2.25706
2.28304
2.32326
2.32063
2.3174
2.26862
2.2816
2.25437
2.25764
2.30835
2.29249
2.27302
2.27655
2.3948
2.36367
2.34607
2.30983
2.30478
2.3381
2.3182
2.2843
2.28641
2.32122
2.36975
2.32921
2.28604
2.31275
2.27377
2.27702
2.34525
2.33657
2.34712
2.35519
2.35541
2.3451
2.3995
2.32882
2.33392
2.38866
2.39308
2.36748
2.3292
2.32213
2.29515
2.38445
2.35294
2.3941
2.37615
2.39319
2.38137
2.3043
2.31231
2.25062
2.26291
2.27918
2.29311
2.29358
2.32699
2.3307
2.27838
2.24627
2.27886
2.24846
2.26056
2.26129
2.21214
2.21707
2.26181
2.31171
2.26226
2.27417
2.23071
2.27447
2.2925
2.26628
2.21602
2.25148
2.30713
2.26714
2.23371
2.21651
2.22879
2.29195
2.2726
2.27063
2.27169
2.28523
2.30207
2.31497
2.28087
2.27395
2.27762
2.27316
2.23952
2.29243
2.28302
2.32577
2.32575
2.2585
2.27865
2.25511
2.3044
2.26066
2.23091
2.16947
2.20631
2.25251
2.22861
2.29037
2.33822
2.26831
2.30269
2.23992
2.22131
2.26175
2.26519
2.21207
2.22462
2.26234
2.28501
2.22967
2.17152
2.27458
2.28822
2.32981
2.3335
2.35431
2.34513
2.28065
2.27088
2.26865
2.3343
2.32324
2.32649
2.35019
2.30601
2.3205
2.35263
2.31685
2.33367
2.34039
2.38635
2.35091
2.30915
2.33817
2.30603
2.27566
2.29609
2.32484
2.32149
2.30353
2.31601
2.33055
2.32694
2.348
2.35128
2.33937
2.30254
2.27761
2.31848
2.27562
2.26821
2.29043
2.35543
2.29199
2.27654
2.29974
2.26753
2.2225
2.25627
2.28191
2.27296
2.20959
2.21252
2.2337
2.19334
2.26294
2.22648
2.28679
2.24869
2.22406
2.22601
2.20904
2.22326
2.2032
2.26841
2.16865
2.18276
2.21396
2.17016
2.15331
2.12931
2.10952
2.1318
2.15757
2.16545
2.20312
2.14237
2.08947
2.0561
2.08141
2.13812
2.11733
2.09082
2.12991
2.14409
2.1301
2.11581
2.12778
2.07459
2.13092
2.1403
2.0853
2.08292
2.09168
2.10023
2.12524
2.16768
2.19216
2.14935
2.11485
2.10216
2.12503
2.12904
2.1986
2.15445
2.14111
2.15494
2.11202
2.13818
2.10243
2.13719
2.14022
2.12005
2.12891
2.11458
2.1315
2.18141
2.13545
2.12636
2.10676
2.16294
2.15193
2.16651
2.24998
2.22375
2.26364
2.21867
2.20241
2.21526
2.25604
2.21785
2.21862
2.22629
2.1721
2.21075
2.22744
2.2441
2.26818
2.2728
2.23423
2.2746
2.22988
2.24747
2.22743
2.22519
2.22277
2.21094
2.22663
2.22145
2.25084
2.20289
2.23855
2.26997
2.22629
2.27545
2.23531
2.2103
2.16144
2.21813
2.17589
2.20361
2.21925
2.15565
2.16726
2.23724
2.17882
2.18911
2.29325
2.26693
2.32446
2.37519
2.31752
2.30651
2.30635
2.3259
2.36185
2.32218
2.32276
2.36145
2.31519
2.28518
2.29833
2.34108
2.3297
2.29939
2.34191
2.32816
2.31163
2.28314
2.288
2.2889
2.32532
2.37524
2.33529
2.32627
2.30369
2.37285
2.28986
2.29198
2.24537
2.2983
2.34291
2.29366
2.28719
2.26342
2.2737
2.33078
2.29084
2.27858
2.35003
2.30478
2.2873
2.34627
2.33
2.29889
2.3171
2.31593
2.37006
2.34013
2.28659
2.28924
2.28806
2.30105
2.29451
2.27904
2.31754
2.2262
2.2056
2.19342
2.22456
2.257
2.23257
2.15968
2.13556
2.16783
2.18501
2.20524
2.18621
2.18771
2.18909
2.14147
2.10547
2.11056
2.15907
2.177
2.11511
2.13346
2.17818
2.19717
2.15215
2.14134
2.21117
2.19465
2.15942
2.18544
2.17462
2.22085
2.20137
2.19922
2.19635
2.11282
2.21734
2.19163
2.18291
2.21745
2.22015
2.21344
2.20427
2.21463
2.2533
2.21862
2.17029
2.18363
2.25091
2.28725
2.25405
2.23897
2.26295
2.22217
2.21709
2.21825
2.2191
2.23212
2.1433
2.19057
2.22364
2.18531
2.24842
2.27092
2.23241
2.24998
2.20619
2.21767
2.21523
2.19814
2.21065
2.2414
2.1953
2.18536
2.21481
2.14436
2.19558
2.25845
2.2783
2.27551
2.32062
2.27318
2.23597
2.25742
2.21705
2.25523
2.20404
2.21113
2.22295
2.20849
2.20221
2.13906
1.89056
1.94865
1.97035
1.96992
1.99965
1.98944
1.93788
1.88155
1.89072
1.88138
1.90859
1.96845
2.01973
1.97625
1.98826
2.05235
2.01568
1.99739
2.01174
1.98262
1.94883
1.97797
1.99556
2.01767
2.04043
2.0212
1.963
1.96488
1.99358
1.96869
1.98093
2.0002
1.96444
1.95053
1.96954
1.99628
1.98389
1.99362
2.006
1.99003
1.97261
2.01714
2.01251
2.01023
2.0164
2.02749
1.98699
2.04507
2.009
2.01277
1.98887
1.97634
1.97832
2.02253
1.99017
1.96129
1.9861
1.93478
1.95198
2.01073
1.99546
1.96843
2.0231
2.0237
2.00896
2.00305
1.99186
2.02417
2.06775
2.04568
2.03349
2.01524
2.09121
2.07077
1.97988
2.01457
2.04013
2.04566
2.07566
2.06326
2.01847
2.01219
2.01383
2.03053
2.056
2.0284
2.03785
2.03068
2.01802
1.9957
1.98546
2.03606
1.97066
1.98453
2.00151
1.99041
2.05795
2.0013
2.0614
2.07007
2.06044
2.0377
2.04393
2.04741
1.99929
1.96395
1.9993
2.06491
2.09835
2.03156
2.02838
2.03608
2.04444
1.97603
2.00973
2.0336
1.96234
2.01353
2.04224
2.04537
2.05668
2.0946
2.03143
2.05404
2.01806
2.03688
2.01992
2.05615
2.01216
2.03287
2.00526
2.06828
2.06722
1.96249
2.01629
2.08017
2.10979
2.11664
2.09973
2.10952
2.19385
2.14223
2.13625
2.10918
2.1374
2.13754
2.10474
2.0792
2.14404
2.10461
1.95344
1.93687
1.96029
1.99508
1.97474
1.91792
1.86019
1.87137
1.89445
1.91066
1.91775
1.9157
1.9178
1.93661
1.95973
1.97648
1.97031
1.93175
1.96041
1.94006
1.90983
2.01142
1.99267
1.98882
1.99561
2.00875
1.99525
2.03478
1.97547
1.97605
1.97756
2.03681
1.98836
2.00288
1.97427
1.9999
1.97087
1.95181
1.98576
1.95136
1.96978
1.98251
1.97701
2.00917
1.98758
2.00606
1.99535
1.96306
1.96908
2.02036
2.03929
1.99669
1.99145
2.00015
2.01805
1.97558
2.01226
2.01096
1.965
1.95942
2.01505
1.98987
2.0064
1.98863
1.94115
1.95553
1.96456
1.99326
1.95881
2.02482
2.01402
1.94388
1.99342
1.99229
2.02033
1.99381
1.99234
2.04203
2.02173
2.00062
1.99563
1.9909
2.02588
2.05327
2.06619
2.0336
2.02793
2.02671
2.00633
2.02363
2.03223
2.00522
1.9964
1.98967
2.02785
2.02031
2.00082
2.00946
2.02017
2.04998
2.02466
2.02965
2.03048
2.04614
2.0422
2.00296
1.98568
2.04602
2.0637
2.02034
2.03099
2.04563
2.0375
2.05456
2.00258
2.00755
1.91647
1.94358
1.98105
2.01323
2.00949
1.96809
1.98897
2.00838
2.01827
1.97158
1.9107
1.94723
1.93508
1.96762
1.96084
1.98271
1.98156
1.91109
1.98281
2.02612
2.06733
2.04977
2.08743
2.02399
2.06223
2.0765
2.08237
2.09143
2.10483
2.07999
2.09201
2.1121
2.07971
2.08451
2.23529
2.27456
2.29609
2.33239
2.2624
2.28001
2.25164
2.3014
2.26139
2.25388
2.20722
2.273
2.22804
2.24702
2.24892
2.25585
2.27231
2.23858
2.25876
2.24503
2.25901
2.26844
2.27137
2.22907
2.23888
2.1926
2.23484
2.2745
2.236
2.23268
2.22701
2.28199
2.24316
2.32421
2.30011
2.31104
2.25493
2.23381
2.27246
2.30631
2.34506
2.32158
2.33819
2.32114
2.33033
2.38345
2.41384
2.38622
2.39562
2.43023
2.4269
2.4239
2.32726
2.32619
2.39308
2.32507
2.33386
2.30048
2.31939
2.36408
2.35117
2.34516
2.33232
2.34968
2.26497
2.30964
2.30074
2.38188
2.34796
2.35778
2.39867
2.34051
2.33189
2.33523
2.29748
2.35076
2.40776
2.46988
2.4344
2.42075
2.47779
2.41495
2.35216
2.35872
2.38478
2.45759
2.41204
2.38268
2.39423
2.37396
2.34299
2.36629
2.39834
2.37079
2.40207
2.36965
2.35277
2.39477
2.45503
2.38052
2.34748
2.39124
2.33189
2.32153
2.30102
2.29247
2.28803
2.32996
2.35733
2.24703
2.25738
2.25597
2.21875
2.20573
2.25196
2.18259
2.15
2.18079
2.21124
2.28628
2.34803
2.32942
2.23241
2.22394
2.22343
2.21118
2.37261
2.26629
2.26374
2.24104
2.2507
2.26409
2.24174
2.20026
2.28353
2.32944
2.39342
2.42229
2.37813
2.34472
2.33191
2.39746
2.42675
2.44902
2.38697
2.36284
2.3371
2.36249
2.38744
2.41378
2.06176
2.04042
2.06398
2.08866
2.05465
2.07383
2.06169
2.04
2.04496
2.01259
2.05546
2.06209
2.06955
2.10013
2.04275
2.04877
2.05792
2.03724
2.07777
2.0677
2.02008
2.04027
2.07076
2.05873
2.09358
2.12711
2.07226
2.069
2.06709
2.0402
2.07389
2.08154
2.09202
2.08773
2.08115
2.10715
2.13148
2.0573
2.04117
2.02962
2.03644
2.101
2.10465
2.11353
2.09459
2.15055
2.11197
2.1548
2.10213
2.16312
2.17081
2.24352
2.19742
2.18701
2.17327
2.14069
2.20287
2.19888
2.21008
2.19728
2.17976
2.21856
2.16564
2.19552
2.20496
2.19178
2.19571
2.22533
2.18661
2.19495
2.21214
2.15346
2.16633
2.17458
2.1511
2.14399
2.19533
2.17499
2.1812
2.18608
2.21666
2.17889
2.09863
2.14963
2.12609
2.12731
2.06688
2.04427
2.03491
2.07142
2.06478
2.03985
2.04902
2.02107
1.97656
2.04745
2.02468
2.06073
2.05492
2.01635
2.01611
2.02169
2.05512
2.06224
1.9676
2.00847
2.02865
2.03173
2.07306
2.03949
1.97364
2.01665
2.03434
2.00549
1.98608
2.00444
1.94607
1.97106
1.9745
2.01576
2.04792
2.0529
2.03457
2.03135
2.03124
2.01622
2.00946
1.99223
2.00646
2.00382
1.99677
1.97131
2.00929
1.9611
2.01621
2.00554
2.05715
2.08839
2.05285
2.00341
2.04739
2.0096
2.01535
2.08677
2.09086
2.03113
2.02991
2.07137
2.02353
2.06074
2.18458
2.14041
2.14222
2.13242
2.11889
2.20378
2.17568
2.16615
2.2027
2.17306
2.17017
2.18981
2.16895
2.12117
2.14307
2.16194
2.12147
2.1376
2.1613
2.16746
2.16443
2.14012
2.15291
2.1469
2.16667
2.21162
2.20291
2.21044
2.20792
2.14883
2.17432
2.17812
2.19222
2.23601
2.19574
2.21064
2.23761
2.16809
2.20772
2.2075
2.18159
2.23529
2.20524
2.21084
2.23067
2.3111
2.27912
2.23756
2.25822
2.3514
2.34699
2.29467
2.27037
2.23083
2.29551
2.26018
2.28038
2.2816
2.29198
2.23974
2.3164
2.30724
2.25169
2.26112
2.24844
2.20914
2.253
2.26873
2.23597
2.26674
2.27073
2.20047
2.27773
2.25643
2.20503
2.16287
2.16976
2.19816
2.20544
2.22798
2.24106
2.2164
2.20571
2.23314
2.25536
2.2955
2.28933
2.24233
2.24097
2.23783
2.21155
2.25009
2.24329
2.22845
2.24271
2.23384
2.25676
2.28379
2.27127
2.27494
2.25478
2.25567
2.2549
2.25492
2.22573
2.21015
2.23913
2.28722
2.28949
2.23823
2.234
2.21032
2.23274
2.19261
2.19373
2.1896
2.14905
2.14765
2.1827
2.21077
2.21281
2.22667
2.216
2.19648
2.16147
2.16843
2.18097
2.14868
2.14639
2.18198
2.15882
2.19393
2.1791
2.18361
2.24487
2.20164
2.23423
2.24695
2.23242
2.22894
2.22908
2.16793
2.17341
2.21805
2.19219
2.17504
2.19216
2.22574
2.18893
2.12009
2.20579
2.11272
2.13094
2.16141
2.13392
2.06489
2.07137
2.09442
2.08788
2.10771
2.11726
2.15124
2.16934
2.15222
2.13686
2.17718
2.20109
2.21698
2.18958
2.24357
2.14341
2.16836
2.18643
2.20977
2.24068
2.26884
2.2186
2.22562
2.28317
2.21976
2.29073
2.29729
2.30117
2.30658
2.26352
2.25524
2.23476
2.21284
2.24683
2.26773
2.25064
2.26943
2.27657
2.26092
2.29085
2.29489
2.26583
2.32122
2.30572
2.35007
2.35047
2.3609
2.32165
2.31455
2.28257
2.32368
2.31853
2.20721
2.23418
2.26546
2.37788
2.32217
2.24124
2.23574
2.21666
2.28607
2.28576
2.30502
2.28703
2.31614
2.29583
2.26956
2.25886
2.28269
2.29901
2.2867
2.25028
2.26287
2.2844
2.28633
2.30126
2.3681
2.3138
2.33189
2.33426
2.3271
2.34017
2.31213
2.30362
2.25527
2.2627
2.29608
2.29437
2.23363
2.24695
2.25193
2.32496
2.3175
2.2861
2.29908
2.27658
2.26486
2.22582
2.21066
2.26104
2.20399
2.23573
2.24704
2.21925
2.19948
2.17177
2.19529
2.276
2.2565
2.25672
2.24222
2.12888
2.14159
2.13359
2.15951
2.20816
2.18229
2.16384
2.14348
2.09103
2.08705
2.15814
2.1323
2.08594
2.08632
2.09068
2.16124
2.13409
2.05365
2.11823
2.15762
2.16443
2.18411
2.18171
2.11552
2.15741
2.13928
2.11885
2.15114
2.12528
2.08857
2.11394
2.1191
2.08503
2.06071
2.2973
2.25024
2.25673
2.28751
2.25284
2.27246
2.24534
2.25306
2.24141
2.25613
2.34286
2.30298
2.2953
2.22461
2.23095
2.30794
2.30472
2.23194
2.236
2.26088
2.2359
2.27838
2.22418
2.15995
2.18274
2.2573
2.27081
2.23618
2.22831
2.24658
2.18999
2.26225
2.23827
2.2942
2.19503
2.20589
2.25336
2.22665
2.29631
2.26545
2.27037
2.24223
2.25683
2.27244
2.33158
2.35132
2.26394
2.32088
2.34058
2.35191
2.36939
2.36928
2.34022
2.34868
2.33285
2.40532
2.40551
2.3797
2.44174
2.40178
2.42653
2.40632
2.4182
2.42313
2.40301
2.36194
2.30662
2.42422
2.45965
2.45743
2.41419
2.41878
2.38669
2.3868
2.36329
2.34726
2.35227
2.34836
2.35189
2.38445
2.47074
2.36932
2.34804
2.3141
2.33558
2.3307
2.28148
2.30664
2.30388
2.26604
2.27918
2.25638
2.27366
2.25743
2.31532
2.32188
2.29613
2.25173
2.25024
2.30937
2.33425
2.2596
2.24218
2.25187
2.21839
2.237
2.25646
2.28863
2.24973
2.2645
2.24316
2.26959
2.28346
2.23929
2.2086
2.19495
2.1512
2.2082
2.21682
2.22861
2.29303
2.23635
2.20678
2.23079
2.19436
2.19921
2.19674
2.21579
2.20655
2.16842
2.19956
2.23723
2.25509
2.13274
2.18245
2.21818
2.28115
2.2824
2.26206
2.27374
2.30713
2.21092
2.21385
2.22765
2.22131
2.24846
2.23338
2.24454
2.25653
2.19195
2.35452
2.30683
2.31895
2.35981
2.34397
2.29012
2.32069
2.33728
2.38033
2.39382
2.41041
2.36101
2.34557
2.3228
2.35718
2.40849
2.38763
2.37605
2.3646
2.36448
2.3273
2.42468
2.35231
2.32276
2.34247
2.42484
2.38424
2.41433
2.35595
2.32824
2.32709
2.30742
2.28364
2.31345
2.35311
2.34188
2.26963
2.33495
2.31996
2.34665
2.26549
2.3025
2.35759
2.40723
2.38932
2.39791
2.40791
2.41313
2.41342
2.42946
2.42943
2.44169
2.42933
2.42953
2.41379
2.42691
2.43119
2.4128
2.47199
2.42351
2.45383
2.44936
2.40281
2.43212
2.47677
2.43158
2.41219
2.41715
2.40067
2.4631
2.40619
2.40352
2.44797
2.46008
2.36149
2.38069
2.36456
2.33088
2.36144
2.35707
2.38137
2.39816
2.37435
2.37531
2.36253
2.35177
2.3363
2.3596
2.39195
2.34387
2.31045
2.30045
2.26878
2.28647
2.35056
2.32564
2.38722
2.30513
2.32043
2.33371
2.31579
2.28403
2.27834
2.3508
2.31169
2.26287
2.24699
2.27225
2.27782
2.29577
2.27524
2.25942
2.28003
2.2442
2.20892
2.19287
2.18645
2.21886
2.24828
2.25456
2.27771
2.28939
2.24465
2.23599
2.23053
2.20931
2.2207
2.15044
2.14097
2.16407
2.17524
2.22496
2.20818
2.12422
2.23664
2.23731
2.26223
2.26268
2.30327
2.22593
2.25484
2.28497
2.28581
2.30921
2.31942
2.28433
2.2779
2.25828
2.26305
2.32892
2.1007
2.08055
2.12144
2.09874
2.04914
2.0461
2.06942
2.046
2.06926
2.08528
2.08298
2.04279
2.02384
2.00876
2.03093
2.01855
2.03872
2.03923
2.0594
2.06778
2.03743
2.08983
2.04041
2.10754
2.05101
2.0747
2.06504
2.05339
2.03719
2.1048
2.07695
2.08286
2.0468
2.07041
2.09896
2.05767
2.08787
2.02108
1.99929
1.99591
1.97921
2.11494
2.11001
2.03484
2.03045
2.04197
2.01982
2.00579
2.01108
2.06237
2.1239
2.09543
2.03164
2.04338
2.01884
2.00218
2.0399
2.02552
2.03673
2.0153
2.03451
2.05257
2.02838
1.98153
1.98859
1.9652
2.02901
2.04879
2.00886
1.97553
2.00849
1.9347
1.97945
1.98778
1.93941
1.98152
1.93881
1.96284
1.94258
1.92383
1.9374
1.95524
1.98534
1.97604
1.95589
1.95108
1.92226
1.89177
1.90049
1.90928
1.95484
1.88047
1.88448
1.87368
1.89255
1.86318
1.87318
1.88383
1.90588
1.8743
1.88242
1.91325
1.87175
1.86398
1.84716
1.85614
1.89032
1.89254
1.86292
1.87846
1.83923
1.87649
1.88142
1.86936
1.84269
1.84306
1.80526
1.85357
1.88683
1.86786
1.88003
1.89389
1.84778
1.87799
1.87895
1.86147
1.87035
1.82164
1.81437
1.82911
1.87607
1.84682
1.92062
1.86097
1.88036
1.85582
2.0176
1.76032
1.58968
1.56921
1.60729
2.10525
1.9674
1.88876
1.82206
1.77559
1.71411
1.77451
1.83507
1.80723
1.93611
1.9026
1.96802
2.01147
1.94705
1.96555
1.97658
2.00036
1.98518
1.96928
1.97629
2.06236
2.05746
2.072
1.99102
2.01899
1.97943
2.03286
2.05267
2.07145
2.06267
2.03052
2.01444
1.9618
2.06896
2.08867
2.06245
2.03392
2.04816
2.10879
1.99362
2.04799
2.05785
2.0166
1.98236
2.06697
2.02495
1.99625
2.02808
1.96833
2.01722
2.33983
2.16757
2.09559
2.04245
1.95566
1.9341
2.02412
2.0502
2.01516
2.04473
2.02126
2.00872
2.05012
2.06009
2.05099
2.02831
2.00044
1.97887
1.90101
1.96155
2.06399
2.11147
1.98801
1.94645
2.01563
1.98499
1.90907
1.94421
1.9649
1.97192
1.99892
1.92542
1.8898
1.8946
1.8983
1.96043
1.89911
1.94899
1.93891
1.96401
1.91419
1.90176
1.8841
1.96099
1.84918
1.92649
1.84197
1.80219
1.79933
1.86056
1.82927
1.81874
1.81798
1.8072
1.81696
1.8013
1.79196
1.79317
1.78852
1.78845
1.76739
1.79182
1.87239
1.8151
1.77074
1.82278
1.86295
1.84737
1.84411
1.77303
1.78249
1.8349
1.78707
1.75798
1.77583
1.79196
1.74619
1.76797
1.77816
1.80732
1.82787
1.78093
1.76406
1.74302
1.76784
1.78566
1.74866
1.77647
1.76517
1.83856
1.80653
1.79369
1.75867
1.82851
1.85824
1.87915
1.86029
1.90977
1.92934
1.8558
1.77585
1.77394
1.8197
1.84311
1.85134
1.83271
1.92285
1.91641
1.88473
