2.51298
2.47796
2.46997
2.43701
2.3597
2.46899
2.65681
2.68375
2.68866
2.77517
2.73721
2.75471
2.63956
2.56111
2.59532
2.60253
2.70122
2.62969
2.67094
2.65221
2.64419
2.71275
2.59429
2.64565
2.60733
2.59371
2.60628
2.63195
2.67078
2.60036
2.63878
2.59675
2.6346
2.68915
2.61608
2.66981
2.72403
2.71504
2.69492
2.67721
2.69303
2.58395
2.59867
2.63877
2.56929
2.62511
2.59773
2.58942
2.61511
2.63051
2.64599
2.58597
2.52424
2.58406
2.64676
2.63547
2.6086
2.57145
2.65393
2.60743
2.60127
2.63761
2.57574
2.54037
2.53522
2.54676
2.60249
2.57962
2.62666
2.57277
0.318644
0.298653
0.309305
0.309573
0.296155
0.296692
0.314453
0.284347
0.280885
0.286827
0.285067
0.286114
0.300591
0.300723
0.310616
0.281871
0.254994
0.259375
0.288141
0.28973
0.30206
0.306759
0.286681
0.276098
0.318014
0.315675
0.290056
0.292878
0.28919
0.284575
0.307658
0.305682
0.281133
0.26866
0.308266
0.311551
0.270753
0.302676
0.304357
0.26827
0.288943
0.290032
0.294063
0.294769
0.277059
0.285919
0.286116
0.294096
0.286265
0.28939
0.294944
0.291858
0.283873
0.27944
0.276159
0.284061
0.277701
0.28367
0.282195
0.284134
0.284674
0.295117
0.277891
0.276689
0.283125
0.284284
0.286275
0.28007
0.269068
0.27443
0.283349
0.273377
0.263185
0.27126
0.270207
0.268713
0.268996
0.269206
0.287571
0.275631
0.330819
0.320937
0.341352
0.332587
0.313138
0.313949
0.311982
0.316216
0.332125
0.341168
0.373537
0.357341
0.343209
0.355116
0.339579
0.351681
0.338911
0.323594
0.32519
0.334474
0.324562
0.361259
0.325212
0.333239
0.349742
0.303379
0.331095
0.373447
0.333381
0.358522
0.350984
0.315469
0.332074
0.323692
0.308844
0.286952
0.313763
0.32022
0.31984
0.330658
0.324315
0.346126
0.341488
0.332612
0.337741
0.308519
0.302188
0.308213
0.308964
0.320557
0.334902
0.305123
0.330532
0.319609
0.333888
0.313539
0.319063
0.305766
0.304523
0.311155
0.31218
0.309415
0.32241
0.301653
0.305571
0.282239
0.285243
0.283441
0.284692
0.27806
0.289843
0.286369
0.283472
0.305638
0.285268
0.272789
0.263384
0.258719
0.257517
0.262776
0.269543
0.29456
0.287644
0.275254
0.27651
0.255457
0.251787
0.261892
0.25985
0.267793
0.26328
0.247743
0.261295
0.265167
0.269743
0.259173
0.259614
0.255191
0.259107
0.265141
0.262268
0.283183
0.274379
0.276792
0.266683
0.242969
0.24421
0.247855
0.248143
0.242142
0.249281
0.263391
0.267445
0.262888
0.260162
0.256125
0.23548
0.23587
0.235492
0.232893
0.237051
0.243259
0.237003
0.243499
0.248809
0.243138
0.229379
0.228312
0.218083
0.220884
0.228541
0.23
0.231324
0.219783
0.215809
0.226049
0.221641
0.221052
0.209301
0.205906
0.194697
0.196739
0.200544
0.203803
0.208509
0.211307
0.233807
0.199432
0.193007
0.187535
0.395487
0.434708
0.371037
0.413385
0.360537
0.365047
0.426411
0.436307
0.442611
0.411782
0.422313
0.431304
0.387398
0.331802
0.362014
0.34882
0.340445
0.334904
0.345101
0.384723
0.385599
0.369674
0.367847
0.330204
0.379103
0.37858
0.360782
0.393733
0.366829
0.379283
0.391165
0.373972
0.37139
0.355386
0.369172
0.384156
0.381108
0.36688
0.361733
0.377529
0.375918
0.3619
0.348554
0.314424
0.316762
0.322611
0.342282
0.34715
0.347829
0.350283
0.351633
0.334144
0.316595
0.321271
0.34355
0.330667
0.328251
0.325248
0.324662
0.33111
0.331407
0.310816
0.30195
0.298606
0.298805
0.32844
0.343276
0.348319
0.348424
0.332656
0.339673
0.324656
0.294341
0.275075
0.266622
0.271238
0.29228
0.297577
0.277558
0.285224
0.289885
0.289708
0.274468
0.266388
0.268687
0.265311
0.273563
0.279707
0.278198
0.281502
0.278251
0.270562
0.254515
0.254533
0.260556
0.258133
0.261685
0.279054
0.272331
0.270261
0.266623
0.258764
0.264949
0.269087
0.268119
0.269955
0.289739
0.291426
0.272743
0.269326
0.266069
0.258109
0.278215
0.276303
0.276617
0.304255
0.294398
0.280339
0.276047
0.272118
0.264999
0.255435
0.259696
0.2723
0.269138
0.264789
0.261907
0.265547
0.242988
0.240619
0.22752
0.212258
0.239767
0.243231
0.260934
0.262913
0.253189
0.255284
0.250022
0.241738
0.242322
0.211495
0.250882
0.239753
0.263594
0.267759
0.263914
0.261057
0.236631
0.224737
0.229461
0.232246
0.245254
0.225041
0.241116
0.242464
0.233805
0.230191
0.238104
0.223725
0.229725
0.247366
0.22697
0.220048
0.214221
0.213973
0.206763
0.207972
0.206483
0.218787
0.207475
0.222767
0.224175
0.215651
0.195233
0.209775
0.20826
0.230686
0.223064
0.218581
0.210817
0.215561
0.214231
0.205774
0.202094
0.208113
0.218438
0.233579
0.227573
0.222464
0.226069
0.196919
0.188908
0.189653
0.18952
0.192503
0.187206
0.209058
0.213244
0.206926
0.214721
0.215867
0.209179
0.201863
0.203753
0.209885
0.208205
0.211997
0.213226
0.211261
0.22699
0.215082
0.210602
0.213044
0.20617
0.198188
0.208139
0.195921
0.192127
0.196824
0.200891
0.188207
0.180003
0.169953
0.168272
0.18128
0.176575
0.185435
0.182766
0.183677
0.180764
0.19415
0.193324
0.172887
0.185648
0.188568
0.171517
0.182394
0.20117
0.207535
0.190956
0.19613
0.18498
0.198278
0.192694
0.189318
0.1951
0.213786
0.217955
0.199706
0.198608
0.188836
0.192603
0.186772
0.181802
0.183006
0.185962
0.186536
0.2049
0.187735
0.194427
0.195922
0.200137
0.192647
0.166673
0.171361
0.169362
0.200637
0.19039
0.171213
0.178294
0.167833
0.174467
0.194656
0.18388
0.155673
0.153569
0.15192
0.163037
0.185543
0.174198
0.165699
0.167049
0.168439
0.184369
0.174896
0.169369
0.173148
0.162398
0.194062
0.166482
0.168088
0.179426
0.190934
0.191903
0.194485
0.200863
0.201847
0.203213
0.194044
0.224822
0.212178
0.228515
0.249832
0.223197
0.228496
0.212162
0.21566
0.218803
0.217082
0.235431
0.245042
0.231167
0.221572
0.218168
0.203918
0.201473
0.216344
0.230029
0.218306
0.223197
0.20535
0.184727
0.201935
0.199585
0.204621
0.201643
0.200493
0.204549
0.196132
0.197267
0.18969
0.189704
0.19161
0.187309
0.208486
0.199846
0.191123
0.197636
0.199592
0.201827
0.19586
0.182928
0.182582
0.170359
0.17897
0.181868
0.191683
0.190873
0.184092
0.20117
0.179318
0.187598
0.191479
0.180497
0.187331
0.186969
0.18719
0.193292
0.202695
0.199137
0.180824
0.188421
0.192157
0.185018
0.178342
0.177126
0.185261
0.198655
0.205038
0.196686
0.187842
0.196236
0.182211
0.179833
0.178907
0.180999
0.188174
0.189984
0.184339
0.177249
0.199328
0.183639
0.187553
0.188237
0.189898
0.199203
0.195532
0.196998
0.183281
0.182803
0.192764
0.156959
0.179601
0.180516
0.175298
0.187706
0.1841
0.172361
0.176088
0.182722
0.172904
0.16437
0.181032
0.18038
0.16356
0.159858
0.175295
0.190056
0.171641
0.181293
0.173669
0.183641
0.178273
0.186797
0.164317
0.180485
0.190418
0.179626
0.193929
0.191852
0.162702
0.17639
0.162147
0.176938
0.179429
0.177675
0.164574
0.167109
0.179755
0.152212
0.163506
0.15105
0.123801
0.162639
0.16455
0.138208
0.149585
0.150051
0.142849
0.13707
0.144085
0.139249
0.145199
0.130675
0.146966
0.158439
0.164304
0.165084
0.174048
0.566628
0.582056
0.618459
0.623698
0.578996
0.60346
0.62154
0.578088
0.589648
0.570647
0.585595
0.594308
0.623595
0.637208
0.619712
0.647446
0.66579
0.659699
0.683899
0.669745
0.713703
0.751706
0.746593
0.773046
0.775398
0.77641
0.798119
0.788311
0.814401
0.832724
0.804616
0.810379
0.857815
0.894536
0.892492
0.880719
0.899814
0.931665
0.946157
0.977509
0.96917
0.959156
0.917758
0.927185
0.932246
0.951956
0.955892
0.925851
0.975207
1.01421
1.06302
1.0396
1.05022
1.06626
1.10196
1.09868
1.13006
1.11891
1.07932
1.14612
1.21711
1.21761
1.16865
1.16698
1.20058
1.20035
1.19952
1.19776
1.25675
1.21925
1.24996
1.21818
1.24675
1.29678
1.24364
1.23281
1.23504
1.24188
1.27878
1.3279
1.29703
1.30116
1.30878
1.29512
1.27802
1.3038
1.31829
1.31825
1.35537
1.35182
1.36918
1.38985
1.42153
1.435
1.42865
1.45671
1.42091
1.43229
1.47203
1.46104
1.44217
1.46748
1.4409
1.42722
1.46878
1.40392
1.48476
1.52175
1.47837
1.50353
1.49611
1.49745
1.50937
1.5222
1.53303
1.50862
1.48257
1.49225
1.5288
1.52933
1.58202
1.55921
1.59751
1.59549
1.58559
1.5658
1.57327
1.59011
1.57964
1.61655
1.64028
1.62231
1.5879
1.58986
1.60247
1.67224
1.68302
1.69383
1.66589
1.6591
1.66385
1.68141
1.70897
1.70969
1.71388
1.70684
1.73698
1.7688
1.76946
1.74058
0.646708
0.704435
0.674266
0.693805
0.696419
0.669841
0.681521
0.680243
0.694692
0.687429
0.646053
0.714054
0.661984
0.679701
0.694165
0.701427
0.730112
0.742021
0.785863
0.77996
0.766927
0.787703
0.793666
0.742882
0.758656
0.788814
0.796989
0.829241
0.84412
0.859223
0.865796
0.880726
0.893882
0.901915
0.92077
0.909441
0.894802
0.923023
0.97848
0.958443
0.97645
0.993629
0.999577
0.99676
1.0038
1.02424
1.03545
1.02515
1.03796
1.04276
1.05751
1.0765
1.07433
1.07161
1.08857
1.11511
1.17304
1.15608
1.15922
1.18246
1.15125
1.16333
1.2258
1.22905
1.21299
1.22003
1.21817
1.22722
1.22396
1.23688
1.26877
1.26642
1.25865
1.25799
1.23035
1.32826
1.29637
1.2685
1.27611
1.32882
1.30651
1.31245
1.29325
1.3238
1.33847
1.35276
1.37245
1.3857
1.38702
1.36979
1.37759
1.38676
1.34919
1.35072
1.38707
1.3763
1.36336
1.37625
1.39209
1.40187
1.4057
1.40722
1.4099
1.42669
1.43852
1.41738
1.37945
1.42686
1.42291
1.43298
1.47778
1.43936
1.43514
1.44699
1.47047
1.4703
1.47343
1.52813
1.51085
1.53214
1.531
1.53736
1.51754
1.51617
1.51402
1.55083
1.5554
1.56856
1.58795
1.57511
1.59152
1.57497
1.59151
1.59041
1.64204
1.64721
1.64596
1.65655
1.64389
1.59421
1.64945
1.62572
1.70003
1.70492
1.69595
1.69758
1.7905
1.76061
1.77675
1.76529
1.64646
1.66126
1.69384
1.73096
1.70219
1.72326
1.74753
1.70922
1.72659
1.74871
1.72583
1.75044
1.73005
1.76425
1.76722
1.77391
1.76768
1.7952
1.74903
1.75574
1.81516
1.82509
1.81911
1.77922
1.77525
1.7798
1.79262
1.8203
1.81373
1.81672
1.93088
1.90589
1.8447
1.85702
1.82996
1.84035
1.78538
1.85699
1.81011
1.78317
1.81891
1.86764
1.82983
1.82244
1.82875
1.83003
1.7782
1.71702
1.72958
1.71382
1.74671
1.76014
1.74051
1.7372
1.73495
1.72799
1.69837
1.67402
1.69101
1.68908
1.66761
1.64605
1.65273
1.65423
1.64393
1.66157
1.68178
1.68586
1.70997
1.7404
1.67504
1.64854
1.65894
1.75445
1.70192
1.65358
1.61585
1.65323
1.65422
1.64629
1.62492
1.62298
1.6692
1.63856
1.62506
1.58245
1.63182
1.63651
1.61711
1.55937
1.5895
1.64895
1.62874
1.62985
1.60017
1.58528
1.58173
1.54608
1.57826
1.5577
1.56528
1.59951
1.66238
1.69082
1.69516
1.68538
1.65221
1.69337
1.67005
1.64463
1.67787
1.70788
1.72074
1.70996
1.68838
1.69617
1.64716
1.69779
1.6746
1.71409
1.67528
1.72437
1.71023
1.65399
1.67062
1.66885
1.69409
1.69638
1.72379
1.68954
1.7004
1.71193
1.70465
1.67388
1.71496
1.73594
1.71988
1.71916
1.73201
1.78046
1.7307
1.69833
1.70964
1.74027
1.76876
1.77585
1.81579
1.84772
1.89161
1.90895
1.69093
1.67763
1.66545
1.67448
1.70029
1.75531
1.73719
1.69462
1.73228
1.76418
1.76755
1.76752
1.74726
1.76057
1.72645
1.75364
1.6886
1.72691
1.76229
1.77715
1.79144
1.78807
1.76616
1.7618
1.79895
1.80994
1.83988
1.89901
1.86038
1.89268
1.89729
1.89151
1.88604
1.8984
1.888
1.92981
1.90082
1.9374
1.94036
1.90855
1.91347
1.97109
1.92046
1.88556
1.8856
1.86669
1.85047
1.81744
1.80645
1.82757
1.86238
1.83843
1.80417
1.84522
1.8412
1.89506
1.93368
1.86066
1.83676
1.84717
1.87711
1.82945
1.77639
1.774
1.8249
1.81028
1.8299
1.84836
1.85336
1.81435
1.84049
1.79493
1.8076
1.7779
1.78432
1.75501
1.79755
1.80309
1.79243
1.80343
1.82168
1.80065
1.78051
1.77601
1.80903
1.82628
1.79279
1.79135
1.76353
1.76401
1.80864
1.78436
1.79872
1.75988
1.76373
1.75401
1.73687
1.7542
1.72167
1.74573
1.75509
1.79399
1.80296
1.83538
1.8247
1.81355
1.83146
1.83379
1.83557
1.82639
1.83929
1.82753
1.83184
1.8575
1.83246
1.83765
1.78909
1.83518
1.83521
1.82377
1.83019
1.84978
1.80228
1.85682
1.8635
1.84049
1.85236
1.81277
1.7684
1.76351
1.79541
1.79495
1.80969
1.77225
1.7774
1.79635
1.78681
1.79768
1.8522
1.81986
1.84276
1.85517
1.84913
1.89034
1.87032
1.92128
1.96989
2.01343
2.07052
2.04933
1.3638
1.45767
1.39973
1.40419
1.35509
1.34133
1.33186
1.35933
1.37487
1.39272
1.40756
1.37996
1.38744
1.36303
1.3742
1.37605
1.38329
1.39806
1.42507
1.43916
1.42234
1.49526
1.53384
1.52165
1.54805
1.57303
1.55612
1.51334
1.52058
1.47521
1.49975
1.55572
1.54092
1.55376
1.54818
1.54395
1.53596
1.55399
1.58751
1.60223
1.57172
1.60519
1.54809
1.57735
1.601
1.68455
1.60675
1.56601
1.54094
1.47833
1.58276
1.61065
1.56436
1.55043
1.55948
1.63095
1.60637
1.6356
1.58831
1.63529
1.64724
1.6211
1.65337
1.6968
1.69737
1.62623
1.64706
1.63887
1.66496
1.63629
1.73285
1.68069
1.67542
1.67765
1.65475
1.64854
1.63623
1.64468
1.56651
1.535
1.56375
1.56476
1.5707
1.58786
1.58697
1.58757
1.64717
1.56213
1.56628
1.56153
1.61055
1.60399
1.58468
1.64699
1.629
1.63795
1.67357
1.66437
1.597
1.6094
1.55747
1.60246
1.66518
1.7083
1.68726
1.6557
1.73428
1.64541
1.63994
1.68267
1.68471
1.65963
1.69469
1.69972
1.72071
1.73675
1.72766
1.7692
1.77007
1.75655
1.76601
1.77001
1.75995
1.83234
1.81564
1.88596
1.82775
1.78803
1.81449
1.82585
1.83477
1.79533
1.77995
1.8322
1.78809
1.81738
1.79719
1.88658
1.86123
1.84343
1.772
1.84398
1.76272
1.79445
1.82751
1.79086
1.82921
1.85843
1.88216
1.93086
1.27982
1.23639
1.24156
1.2534
1.2151
1.22233
1.24789
1.21831
1.24267
1.28142
1.24564
1.30618
1.30468
1.30275
1.25607
1.24567
1.24835
1.28354
1.26832
1.31277
1.3589
1.3433
1.35368
1.32729
1.32325
1.36975
1.40825
1.43437
1.44495
1.38472
1.42747
1.42921
1.42635
1.43636
1.41398
1.42373
1.43528
1.43501
1.43772
1.42278
1.45414
1.43012
1.43603
1.4483
1.48545
1.45355
1.48258
1.47817
1.4665
1.40212
1.45189
1.47016
1.40952
1.46378
1.45316
1.464
1.449
1.45396
1.44851
1.42523
1.46791
1.45913
1.40556
1.4706
1.45652
1.49574
1.4906
1.47313
1.49149
1.46986
1.50581
1.44224
1.39521
1.40012
1.41067
1.45788
1.47362
1.45906
1.43916
1.40689
1.43016
1.42374
1.36696
1.37783
1.38851
1.35715
1.38879
1.40548
1.37923
1.32023
1.32405
1.32971
1.35392
1.38367
1.42249
1.38688
1.41035
1.37643
1.3873
1.32264
1.33901
1.39244
1.37224
1.41364
1.3969
1.40081
1.42921
1.48273
1.42659
1.43127
1.44302
1.4045
1.45271
1.44151
1.46731
1.51238
1.48197
1.46955
1.53771
1.48959
1.48349
1.42571
1.42344
1.41122
1.43126
1.4543
1.44098
1.43193
1.50182
1.45984
1.5027
1.48825
1.48168
1.40527
1.42933
1.44024
1.45174
1.47558
1.46349
1.4669
1.53312
1.49066
1.5128
1.51157
1.55555
1.47845
1.53536
1.53938
1.57007
1.60591
0.36221
0.354037
0.404877
0.405048
0.405564
0.372883
0.366957
0.375134
0.37567
0.376953
0.428011
0.363762
0.361255
0.381845
0.352822
0.369795
0.364458
0.37277
0.350902
0.338037
0.381586
0.407649
0.356276
0.356599
0.369655
0.371106
0.367355
0.379416
0.39048
0.361239
0.347545
0.379827
0.380402
0.375786
0.37035
0.381184
0.385572
0.378435
0.384069
0.3839
0.368625
0.391612
0.37269
0.381459
0.378744
0.378037
0.380048
0.392488
0.387034
0.38319
0.38464
0.375154
0.375782
0.367096
0.357432
0.353486
0.351941
0.373517
0.376777
0.366045
0.353033
0.330461
0.331423
0.332327
0.343307
0.362312
0.358788
0.355686
0.318854
0.341438
0.361881
0.355456
0.363792
0.359064
0.348239
0.347493
0.327216
0.335551
0.337604
0.331927
0.340028
0.325244
0.321785
0.330501
0.33307
0.331923
0.324437
0.322538
0.323183
0.340838
0.338413
0.337387
0.31748
0.318331
0.320746
0.323856
0.33992
0.324101
0.329377
0.319046
0.311877
0.300267
0.2886
0.286563
0.277866
0.280881
0.320212
0.329737
0.329228
0.329869
0.327935
0.322719
0.300032
0.272169
0.274777
0.281804
0.289805
0.309181
0.295906
0.279272
0.282352
0.282866
0.279024
0.285102
0.286771
0.299312
0.324556
0.3296
0.330907
0.328692
0.334524
0.334429
0.350108
0.3438
0.342711
0.342435
0.36745
0.36149
0.351036
0.346847
0.358131
0.347364
0.378536
0.356189
0.359689
0.361776
0.379123
0.388096
0.391855
0.387173
0.434116
0.438863
0.441498
0.446614
0.438882
0.433866
0.440267
0.445413
0.446404
0.442456
0.434145
0.427555
0.434084
0.446336
0.433207
0.448859
0.44748
0.441885
0.4509
0.433708
0.432599
0.439268
0.431475
0.431259
0.435426
0.43724
0.442671
0.449354
0.436188
0.417302
0.421692
0.424238
0.43333
0.405421
0.39274
0.3999
0.393908
0.396283
0.401508
0.387631
0.393264
0.389608
0.396909
0.387445
0.368351
0.373255
0.376557
0.385022
0.381068
0.383313
0.387539
0.380926
0.37886
0.374072
0.386456
0.389355
0.402042
0.40708
0.411535
0.406254
0.403318
0.387094
0.372506
0.369258
0.36796
0.353632
0.364708
0.369383
0.367176
0.359767
0.373955
0.342334
0.341966
0.343655
0.327401
0.319915
0.323828
0.319654
0.330003
0.317048
0.317109
0.317778
0.318527
0.315105
0.324697
0.304259
0.303854
0.314929
0.325203
0.331179
0.329409
0.307462
0.307681
0.307634
0.299698
0.284638
0.28093
0.283893
0.298838
0.309004
0.308877
0.30581
0.30178
0.305352
0.311745
0.314034
0.306142
0.312854
0.32542
0.322381
0.324392
0.324248
0.325182
0.306734
0.287546
0.306613
0.289598
0.2944
0.295116
0.30296
0.302051
0.298155
0.296238
0.307203
0.296433
0.30195
0.289812
0.294098
0.298971
0.307266
0.317219
0.302361
0.319866
0.316979
0.314326
0.316845
0.322326
0.318524
0.319695
0.328873
0.33503
0.32958
0.329735
0.320507
0.32777
0.329838
0.332805
0.329547
0.338541
0.343012
0.21966
0.206935
0.205035
0.215794
0.204254
0.204317
0.19962
0.21326
0.209459
0.208637
0.20626
0.206311
0.203267
0.204654
0.205446
0.202222
0.201081
0.197197
0.181319
0.178752
0.175511
0.188261
0.180267
0.186496
0.186375
0.185523
0.17956
0.194212
0.178513
0.170658
0.171082
0.178068
0.178469
0.167785
0.167983
0.180121
0.178493
0.177206
0.176273
0.189806
0.192531
0.155422
0.155909
0.165229
0.157558
0.155216
0.156216
0.164327
0.167967
0.179422
0.172823
0.180681
0.17663
0.16348
0.170573
0.166593
0.164883
0.158543
0.166187
0.162931
0.172947
0.153947
0.146643
0.154633
0.156669
0.146589
0.14181
0.145775
0.154504
0.155743
0.151956
0.144409
0.149315
0.14865
0.150745
0.144055
0.14035
0.140926
0.142078
0.153599
0.156631
0.160583
0.157799
0.152245
0.153925
0.1722
0.134799
0.118182
0.128626
0.146371
0.126884
0.123633
0.131903
0.136025
0.141343
0.154351
0.156533
0.147798
0.148665
0.173335
0.13951
0.150967
0.141004
0.147397
0.14729
0.142385
0.160805
0.161515
0.147409
0.146844
0.132947
0.154775
0.159883
0.136944
0.136457
0.150761
0.130379
0.132031
0.150248
0.152655
0.133313
0.132901
0.136368
0.152053
0.151128
0.153885
0.152884
0.151671
0.152779
0.147628
0.144833
0.146085
0.146678
0.141782
0.145579
0.144668
0.147081
0.141884
0.141426
0.140782
0.139826
0.139236
0.140437
0.139467
0.141163
0.140615
0.147464
0.144973
0.145804
0.144091
0.255288
0.242515
0.248243
0.247979
0.245248
0.228432
0.241104
0.247899
0.237906
0.238904
0.24686
0.237874
0.213402
0.217217
0.212821
0.230754
0.234943
0.228033
0.236712
0.220719
0.230966
0.231307
0.220008
0.224624
0.213488
0.210618
0.215657
0.199305
0.207887
0.204934
0.224165
0.233482
0.232909
0.220363
0.20765
0.208526
0.209389
0.197267
0.205685
0.193881
0.20876
0.205642
0.213386
0.213204
0.197829
0.20543
0.213573
0.208032
0.18752
0.206048
0.224228
0.215801
0.217694
0.212806
0.205052
0.188173
0.189317
0.18646
0.175377
0.18827
0.213752
0.192782
0.214198
0.19823
0.192009
0.173222
0.183665
0.18397
0.179288
0.188569
0.184155
0.228353
0.225049
0.237071
0.20746
0.206372
0.189879
0.200525
0.197632
0.182168
0.191585
0.205914
0.217396
0.22997
0.216648
0.212382
0.184052
0.195127
0.189468
0.177057
0.19367
0.215938
0.214998
0.214928
0.239376
0.224287
0.20081
0.20673
0.200044
0.19134
0.200517
0.188759
0.205359
0.20621
0.195333
0.198457
0.171237
0.198036
0.188399
0.196946
0.184893
0.167751
0.199336
0.192405
0.190027
0.181236
0.17028
0.175979
0.181598
0.185748
0.17021
0.173646
0.194794
0.208602
0.206656
0.198812
0.190354
0.173356
0.188584
0.207377
0.19439
0.208814
0.211541
0.187187
0.204521
0.195593
0.190675
0.200168
0.194886
0.200231
0.209428
0.215283
0.217646
0.211025
0.213044
0.221388
0.225936
0.224621
0.221686
0.231927
1.11875
1.11378
1.13483
1.13818
1.10078
1.12075
1.12495
1.15576
1.06646
1.12087
1.16275
1.14952
1.12948
1.13826
1.15634
1.18105
1.19261
1.16942
1.18942
1.16227
1.15418
1.23919
1.25558
1.25794
1.28445
1.33109
1.29293
1.25176
1.27372
1.23228
1.23544
1.24072
1.22579
1.25716
1.26913
1.31453
1.27497
1.25478
1.29076
1.32574
1.37254
1.30148
1.30656
1.33757
1.36188
1.34723
1.32103
1.33512
1.33408
1.35175
1.39844
1.37196
1.4338
1.4183
1.42769
1.44205
1.46183
1.42905
1.47122
1.44241
1.41424
1.46928
1.48088
1.527
1.52745
1.52903
1.53504
1.51584
1.54297
1.53399
1.52638
1.48208
1.51841
1.57911
1.55664
1.54384
1.54997
1.51432
1.5334
1.53331
1.51748
1.51265
1.50566
1.50038
1.52896
1.54804
1.58849
1.52143
1.53522
1.50434
1.5029
1.50349
1.52901
1.52765
1.582
1.57258
1.59898
1.60974
1.60414
1.58209
1.56437
1.58679
1.55949
1.54973
1.58992
1.61194
1.64042
1.73082
1.74348
1.70336
1.68709
1.72864
1.74184
1.72268
1.72612
1.7249
1.75885
1.76835
1.81623
1.7854
1.80762
1.8404
1.8113
1.83169
1.83718
1.82305
1.86131
1.81419
1.87159
1.82935
1.83824
1.79819
1.78679
1.75077
1.7911
1.87492
1.91738
1.86686
1.9083
1.89991
1.9234
1.92816
1.98404
1.95497
2.01591
1.98615
1.99468
2.01674
1.99001
1.98934
0.85562
0.933514
0.908061
0.902981
0.856857
0.88958
0.855217
0.883532
0.884191
0.901843
0.912111
0.934563
0.896782
0.922272
0.93953
0.982486
0.992943
0.989632
0.954738
0.938125
0.958149
1.01529
1.02383
0.990164
1.0192
1.08357
1.0548
1.088
1.08997
1.05943
1.11181
1.08849
1.13289
1.11084
1.14423
1.12104
1.09829
1.10678
1.11774
1.10407
1.10365
1.05371
1.02902
1.02767
1.06877
1.1059
1.08825
1.10204
1.08078
1.05661
1.0977
1.07876
1.10706
1.12522
1.18175
1.1278
1.13439
1.0789
1.19809
1.15061
1.23067
1.2071
1.15
1.17263
1.18569
1.21222
1.24845
1.25183
1.24586
1.15977
1.18931
1.16663
1.19699
1.18945
1.20033
1.15215
1.18886
1.20575
1.25759
1.22289
1.18708
1.23039
1.24746
1.27938
1.24545
1.19008
1.2045
1.18884
1.26447
1.28893
1.26913
1.29479
1.27855
1.30253
1.32725
1.32259
1.29342
1.33013
1.28327
1.30619
1.33542
1.32975
1.32319
1.34014
1.30594
1.35956
1.38682
1.38719
1.3909
1.36345
1.32815
1.34388
1.3736
1.34237
1.34701
1.33927
1.31611
1.32792
1.32885
1.3724
1.39047
1.38821
1.34405
1.42312
1.35903
1.39498
1.36449
1.32903
1.31043
1.34408
1.34932
1.36544
1.38742
1.37008
1.3538
1.44313
1.47105
1.43778
1.43854
1.43013
1.41403
1.42053
1.45517
1.42334
1.41043
1.42464
1.50428
1.42906
1.40703
1.43415
1.72463
1.71345
1.72707
1.73682
1.71415
1.71731
1.79187
1.80465
1.82871
1.78006
1.8532
1.83272
1.89879
1.84376
1.85307
1.8776
1.88364
1.88852
1.90073
1.87543
1.90399
2.0766
2.01485
1.9588
1.95082
1.89715
1.89704
1.91225
1.91004
1.87342
1.8837
1.93131
1.9719
1.97946
1.96967
2.02124
1.98416
1.97266
2.05313
2.02335
2.07766
2.09221
2.04379
2.05797
2.03682
2.07206
2.06692
2.06195
2.03239
2.04832
2.07524
2.03591
2.04176
2.09503
2.04636
2.06189
2.03027
2.05047
2.04179
2.02774
2.05002
2.01752
1.98556
1.97966
1.97099
1.99717
1.95816
1.94788
1.90739
1.93435
1.8957
1.86433
1.91795
1.9253
1.88802
1.87465
1.91914
1.90523
1.89976
1.88764
1.90836
1.92035
1.92403
1.92916
1.94473
1.94533
1.94636
2.00093
1.9819
2.01569
2.0358
2.03127
2.06772
2.05133
2.08393
2.06435
2.07057
2.03394
2.085
2.06509
2.03704
2.04445
2.02616
1.98249
2.00972
1.97759
1.98813
2.00617
1.97521
1.9968
1.98943
1.99181
1.99257
1.99041
1.92898
1.94961
1.90624
1.94422
1.93726
1.95438
1.94285
1.96639
1.94069
1.95774
1.91341
1.92285
1.8584
1.84078
1.87776
1.82739
1.8577
1.86253
1.85651
1.84059
1.86105
1.89323
1.87605
1.90588
1.97095
1.98566
1.8485
1.85528
1.974
1.91978
1.89527
1.93683
1.97481
1.98261
2.00352
1.9957
1.81854
1.83013
1.83792
1.85903
1.79726
1.8699
1.90558
1.95091
1.95707
1.92429
1.97112
1.94595
1.94087
1.93511
1.90275
1.99282
2.02071
2.00846
1.99165
1.968
2.00873
2.02076
2.01157
2.0002
2.01725
2.01444
2.00629
2.04987
2.04187
2.06136
2.05945
2.06506
2.06253
2.03563
2.09979
2.0929
2.1308
2.14805
2.16321
2.18399
2.1634
2.19925
2.18468
2.18451
2.17001
2.19147
2.15206
2.0724
2.10302
2.14796
2.13913
2.09568
2.15636
2.16015
2.10376
2.12559
2.11075
2.07631
2.07909
2.08568
2.07893
2.05558
1.99535
1.98732
1.98381
1.98491
1.96763
2.01397
2.04186
2.02929
2.01283
1.98914
1.93357
1.99214
1.99447
2.02438
2.00053
2.01096
2.0117
2.01827
2.03757
2.05696
2.08992
2.0551
2.06565
2.08725
2.07308
2.09008
2.10774
2.08003
2.08477
2.06733
2.10122
2.0712
2.12707
2.12396
2.06548
2.05266
2.06945
2.05022
2.07544
2.07964
2.09717
2.1282
2.14343
2.11117
2.13449
2.15036
2.15152
2.10668
2.08977
2.11537
2.11589
2.10726
2.08461
2.10506
2.06855
2.06212
2.05829
2.11388
2.12083
2.13466
2.11255
2.09468
2.09753
2.06731
2.06736
2.06965
2.07849
2.06795
2.03002
2.06856
2.0985
2.02818
2.04524
2.0865
2.06325
2.12503
2.11992
2.08936
2.12946
2.12761
2.06911
2.03162
1.98133
1.95958
1.98756
1.99732
2.00973
1.99791
1.52119
1.55602
1.49886
1.53174
1.51171
1.49056
1.52069
1.50533
1.50827
1.57571
1.59566
1.53836
1.57743
1.56303
1.56849
1.56072
1.58124
1.57414
1.60749
1.56844
1.57134
1.61943
1.62594
1.61442
1.67149
1.66768
1.70022
1.67457
1.68902
1.67804
1.73533
1.72728
1.71552
1.69326
1.7125
1.7304
1.74193
1.71732
1.77422
1.76648
1.7481
1.78062
1.76188
1.7846
1.78326
1.83403
1.81805
1.83557
1.87612
1.8582
1.86682
1.85272
1.86728
1.85459
1.83862
1.86936
1.89556
1.87415
1.90146
1.91781
1.89324
1.89496
1.90166
1.90588
1.88879
1.8747
1.86706
1.84212
1.86577
1.87846
1.88762
1.85576
1.82143
1.83384
1.8072
1.81658
1.82234
1.83313
1.83268
1.85763
1.86614
1.88052
1.84667
1.85638
1.87862
1.84797
1.92497
1.92759
1.89097
1.92819
1.92001
1.91387
1.94461
1.94772
1.9261
1.93342
1.92906
1.94065
1.87638
1.81683
1.82969
1.85328
1.8224
1.82691
1.82622
1.83379
1.75097
1.77266
1.84455
1.82696
1.85144
1.86026
1.97259
1.96614
1.89791
1.93337
1.88837
1.90313
1.89941
1.93479
1.92048
1.92526
1.97629
2.00121
2.02888
1.94675
2.0199
1.97281
1.96964
1.95223
1.97586
1.98846
1.9631
1.95313
1.95897
2.00242
1.98824
2.01642
2.03592
2.00874
2.0114
1.99128
1.99292
1.98618
2.02342
2.01809
2.05871
2.06313
2.02725
1.99569
1.3947
1.36294
1.31965
1.38263
1.31853
1.39089
1.35772
1.36695
1.3279
1.33072
1.31392
1.36157
1.37488
1.39264
1.37179
1.42768
1.42877
1.30947
1.35042
1.33379
1.3917
1.37398
1.38248
1.37273
1.44111
1.47627
1.41001
1.44246
1.36924
1.41113
1.43411
1.43833
1.46364
1.48352
1.44928
1.45199
1.46894
1.44497
1.45329
1.51445
1.48883
1.45965
1.40455
1.44033
1.44711
1.46969
1.43207
1.43411
1.45409
1.43013
1.51411
1.47922
1.51197
1.53886
1.52688
1.52451
1.52929
1.5486
1.5327
1.51215
1.54872
1.53328
1.56328
1.55931
1.55464
1.51748
1.57452
1.56967
1.59341
1.56441
1.57859
1.50564
1.47839
1.54004
1.48812
1.51541
1.51952
1.51755
1.52751
1.53988
1.57332
1.59762
1.52765
1.49874
1.53561
1.48391
1.54689
1.47861
1.57369
1.56247
1.55719
1.57527
1.55248
1.55515
1.53834
1.52297
1.54581
1.58215
1.57264
1.56999
1.56384
1.57265
1.56543
1.56324
1.52729
1.50768
1.49494
1.48795
1.48143
1.51036
1.49439
1.47837
1.50966
1.47848
1.44316
1.44247
1.46435
1.48466
1.49683
1.52906
1.50332
1.51893
1.50708
1.5294
1.51177
1.508
1.49289
1.48344
1.50456
1.46098
1.45823
1.49676
1.49363
1.49101
1.49443
1.515
1.51881
1.54023
1.54938
1.5669
1.49321
1.52292
1.50316
1.53086
1.52444
1.5159
1.5232
1.4932
1.52576
1.4888
0.233604
0.217458
0.218437
0.239051
0.2295
0.205946
0.219931
0.233452
0.237816
0.240281
0.225973
0.227064
0.22458
0.225117
0.230989
0.220865
0.223352
0.213425
0.217409
0.234179
0.225804
0.228841
0.226056
0.23168
0.231339
0.224228
0.232003
0.21575
0.209422
0.210791
0.226045
0.242613
0.240957
0.242773
0.228024
0.235832
0.238309
0.230476
0.224219
0.230637
0.229523
0.218578
0.24334
0.252504
0.234721
0.243778
0.240853
0.24048
0.241665
0.224941
0.230892
0.232114
0.232284
0.236551
0.242069
0.234964
0.229188
0.228414
0.225941
0.236976
0.222389
0.247265
0.242046
0.227504
0.225557
0.23642
0.238857
0.226268
0.23101
0.230348
0.228062
0.226071
0.220116
0.217253
0.208825
0.220267
0.210257
0.21343
0.208879
0.209842
0.209945
0.198351
0.19346
0.197963
0.199375
0.198631
0.199399
0.200664
0.200466
0.194819
0.198088
0.189387
0.189939
0.190691
0.191564
0.168428
0.18005
0.183527
0.181612
0.194168
0.18787
0.182567
0.173641
0.175963
0.183379
0.182269
0.167934
0.172281
0.177744
0.180879
0.176646
0.183976
0.179009
0.158648
0.166072
0.163215
0.159225
0.168158
0.160585
0.164431
0.178148
0.180098
0.18365
0.187055
0.174363
0.166934
0.161405
0.149871
0.149712
0.154876
0.153891
0.162403
0.166996
0.167333
0.174732
0.164771
0.168989
0.157181
0.159232
0.149873
0.159964
0.170179
0.17286
0.161877
0.163714
0.177738
0.184282
0.151629
0.150049
0.144402
1.81579
1.75853
1.78345
1.83075
1.86821
1.82596
1.75965
1.62181
1.60538
1.59629
1.60208
1.61184
1.59918
1.59956
1.63207
1.62514
1.60676
1.56166
1.61703
1.6296
1.5936
1.63409
1.63696
1.63599
1.60167
1.61258
1.62695
1.62069
1.64325
1.71525
1.69716
1.76182
1.7363
1.81515
1.73396
1.70967
1.65699
1.68225
1.70955
1.75045
1.75277
1.72783
1.72094
1.7294
1.728
1.72245
1.59266
1.58079
1.58594
1.56554
1.67292
1.60654
1.68824
1.6899
1.72453
1.68013
1.61889
1.53591
1.55902
1.58746
1.56661
1.58559
1.57542
1.56528
1.5776
1.59517
1.55282
1.51219
1.54647
1.49857
1.46221
1.48404
1.50837
1.47504
1.45767
1.47771
1.49846
1.47264
1.43178
1.44208
1.44187
1.43292
1.42991
1.47141
1.46188
1.48628
1.57194
1.52201
1.5038
1.50398
1.51743
1.55299
1.5279
1.49823
1.49972
1.48785
1.51965
1.48924
1.49761
1.43859
1.5011
1.5085
1.60879
1.56969
1.48905
1.53712
1.5523
1.52588
1.54232
1.48042
1.4737
1.52446
1.55917
1.55354
1.44674
1.48327
1.44281
1.43994
1.46471
1.44812
1.5126
1.48829
1.47035
1.51275
1.47667
1.46982
1.44902
1.41067
1.39094
1.42694
1.42328
1.46226
1.50226
1.46497
1.52447
1.47177
1.49222
1.5382
1.47663
1.46318
1.50081
1.54451
1.53417
1.51218
1.51772
1.54053
1.57762
1.59007
1.56998
1.53295
2.17538
2.12365
2.16259
2.13656
2.12703
2.12851
2.10738
2.16922
2.14368
2.13561
2.18623
2.22433
2.19703
2.21775
2.16201
2.21672
2.18902
2.20809
2.23689
2.24725
2.23351
2.28842
2.23692
2.23817
2.18106
2.17747
2.1757
2.18256
2.22083
2.17568
2.18087
2.20626
2.20799
2.17611
2.16477
2.17456
2.17271
2.15997
2.19007
2.20846
2.19777
2.276
2.22815
2.22424
2.18808
2.24267
2.21566
2.20298
2.18584
2.19812
2.2059
2.25401
2.30094
2.2157
2.24677
2.28287
2.23001
2.21254
2.20246
2.19496
2.21221
2.20661
2.22295
2.2165
2.26339
2.20629
2.19471
2.21323
2.2051
2.22999
2.20629
2.18828
2.21025
2.22097
2.19496
2.12844
2.11544
2.10637
2.09122
2.10269
2.0986
2.07351
2.09293
2.06945
2.09833
2.05377
2.0556
2.05266
2.03936
2.01303
1.99623
1.9818
1.99402
1.98546
2.00503
1.98142
2.00226
1.96791
1.97944
1.99295
1.98474
1.97833
2.00333
1.98187
1.95525
1.91825
1.90571
1.92723
1.90994
1.89019
1.88222
1.90046
1.92714
1.88929
1.87152
1.86978
1.78786
1.79654
1.75594
1.78774
1.81125
1.8332
1.82021
1.80018
1.78836
1.7664
1.76061
1.73174
1.71608
1.73677
1.74138
1.71554
1.73047
1.70291
1.68102
1.68491
1.69888
1.70747
1.6864
1.66546
1.67718
1.65262
1.65512
1.64017
1.62385
1.60798
1.60519
1.57378
1.57989
1.56253
0.326843
0.35859
0.348951
0.347091
0.347419
0.347692
0.354545
0.35671
0.345419
0.339412
0.338648
0.340534
0.344449
0.340792
0.34994
0.366833
0.359301
0.362091
0.378931
0.371105
0.374518
0.367364
0.349624
0.345409
0.349067
0.361619
0.360321
0.365011
0.365432
0.373349
0.375746
0.371713
0.365646
0.362118
0.358013
0.353554
0.350585
0.351116
0.357047
0.346188
0.344001
0.344815
0.373368
0.373005
0.351132
0.3498
0.334698
0.340065
0.342869
0.343697
0.352716
0.352379
0.358456
0.362026
0.378215
0.355099
0.342027
0.340651
0.362
0.364855
0.370938
0.371151
0.370278
0.378915
0.370554
0.367791
0.347037
0.351849
0.351504
0.360619
0.373161
0.36396
0.366636
0.364058
0.355335
0.360133
0.343842
0.342501
0.34626
0.36393
0.359943
0.350341
0.352027
0.354049
0.355726
0.352346
0.35165
0.351587
0.351535
0.338128
0.323156
0.332612
0.337272
0.340079
0.361967
0.34882
0.351827
0.346774
0.348816
0.351521
0.329248
0.317682
0.318319
0.335152
0.355051
0.349824
0.353447
0.354171
0.350042
0.340057
0.345253
0.329543
0.327269
0.333094
0.334548
0.360371
0.326769
0.347139
0.347384
0.351499
0.347335
0.354003
0.328754
0.325149
0.318085
0.318936
0.317095
0.317905
0.341242
0.37498
0.364855
0.361573
0.361669
0.337177
0.328436
0.330801
0.331014
0.329532
0.325472
0.328695
0.343001
0.347465
0.333152
0.340973
0.33333
0.332104
0.335839
0.330684
0.327924
0.308043
1.35049
1.3071
1.30232
1.31903
1.31544
1.31747
1.32647
1.33055
1.31787
1.33632
1.355
1.36112
1.35199
1.33101
1.31664
1.37627
1.37511
1.38511
1.37211
1.32932
1.40004
1.43107
1.42777
1.41326
1.38104
1.36888
1.42097
1.41522
1.42993
1.43453
1.45503
1.43251
1.49509
1.47955
1.47941
1.49178
1.48773
1.47262
1.46247
1.48589
1.47223
1.47129
1.53616
1.51785
1.5827
1.5722
1.56408
1.54736
1.5591
1.56788
1.57977
1.57548
1.55377
1.58216
1.57854
1.64818
1.63881
1.5698
1.53844
1.56686
1.55075
1.55991
1.59239
1.56162
1.59233
1.63074
1.67351
1.64102
1.61285
1.61132
1.64535
1.57751
1.63143
1.67588
1.62632
1.63578
1.5993
1.67152
1.60693
1.65292
1.5862
1.60134
1.58961
1.53614
1.56697
1.50792
1.54246
1.64346
1.50857
1.62197
1.52657
1.59359
1.59878
1.50404
1.59042
1.53293
1.54872
1.59224
1.56103
1.56502
1.56868
1.56411
1.61349
1.59685
1.60633
1.68983
1.63069
1.61078
1.64421
1.51806
1.60424
1.55064
1.63859
1.65339
1.61875
1.6464
1.60372
1.61866
1.58532
1.59107
1.58011
1.57742
1.58086
1.6269
1.59505
1.6067
1.64559
1.59034
1.5645
1.54831
1.58373
1.60918
1.63358
1.58952
1.61666
1.63901
1.66318
1.72569
1.66098
1.70646
1.70659
1.72003
1.72579
1.76233
1.75073
1.74887
1.78104
1.79184
1.74216
1.7157
1.62087
1.57348
1.60245
1.6546
1.61137
1.63109
1.62095
1.64877
1.60004
1.65835
1.70611
1.70485
1.68015
1.66947
1.62691
1.7207
1.68512
1.64479
1.69663
1.69334
1.69984
1.79725
1.75323
1.76382
1.77454
1.77385
1.77213
1.80054
1.79311
1.70476
1.69887
1.71707
1.72313
1.73682
1.7069
1.76626
1.74598
1.74409
1.79188
1.7584
1.74464
1.71006
1.82836
1.67543
1.76509
1.69524
1.67238
1.73263
1.6594
1.6668
1.63196
1.67696
1.70504
1.69365
1.65066
1.71271
1.68229
1.58727
1.61376
1.63613
1.67388
1.58319
1.63659
1.69016
1.66251
1.69997
1.63678
1.66723
1.69303
1.66557
1.68025
1.67512
1.63054
1.65932
1.57887
1.61683
1.61352
1.64889
1.62898
1.66655
1.69761
1.69125
1.68617
1.66503
1.64377
1.63944
1.64934
1.63776
1.61304
1.63936
1.68787
1.70303
1.69443
1.64873
1.69919
1.7149
1.77247
1.66388
1.68881
1.67219
1.7045
1.6849
1.68983
1.67359
1.64732
1.64999
1.67074
1.65997
1.64506
1.60306
1.63737
1.60864
1.70987
1.76794
1.71732
1.70478
1.70135
1.73232
1.73409
1.73778
1.70684
1.71374
1.67884
1.72419
1.74798
1.72638
1.73208
1.70927
1.69456
1.66707
1.63646
1.68661
1.70669
1.68344
1.66166
1.69277
1.7384
1.74626
1.71872
1.6813
1.70033
1.69152
1.7062
1.69587
1.74886
1.75568
1.73258
1.75632
1.73391
1.73772
1.83191
1.83095
1.84226
1.83567
1.83206
1.8444
1.86838
1.94038
1.90971
1.91231
1.92004
1.88864
1.8524
1.83551
1.83969
1.86015
1.87434
1.86479
1.89899
1.87513
1.89423
1.93856
1.93299
1.94282
1.91659
1.92033
1.90231
1.90562
1.93221
1.94049
1.96534
1.93887
2.00226
2.03155
2.0558
2.0527
2.01236
1.99237
2.00075
1.98099
1.98624
1.9858
2.00276
2.06389
2.09478
2.05133
2.05122
1.97028
1.96316
1.94309
2.03814
2.06315
2.01646
1.97439
2.04916
2.04469
2.12039
2.00859
2.03623
2.03441
2.03358
2.02077
1.99832
1.9683
2.00945
2.00339
2.00109
2.01009
2.01694
2.02051
2.02468
1.96845
2.01541
1.99198
1.95285
1.93448
1.95612
1.92823
1.96086
1.94998
1.94465
1.92429
1.90982
1.87268
1.8606
1.83866
1.85084
1.78159
1.76343
1.80174
1.86049
1.88005
1.84519
1.81669
1.88997
1.87477
1.85063
1.85029
1.82562
1.81729
1.83056
1.80664
1.85319
1.91639
1.87752
1.86782
1.90702
1.92216
1.87847
1.86075
1.83032
1.85974
1.89053
1.86614
1.87592
1.84659
1.83497
1.90528
1.89151
1.87645
1.88656
1.86009
1.85607
1.89579
1.9181
1.9138
1.92285
1.94126
1.94313
1.86267
1.88898
1.90644
1.91925
1.89527
1.91998
1.92979
1.93405
2.01736
2.00943
1.97713
1.98332
1.89246
1.90524
1.9141
1.9791
1.97444
1.99047
1.96007
1.96434
1.98072
1.95486
2.00018
2.042
2.05563
2.04506
2.09588
2.06708
2.12138
2.05762
2.12435
2.15155
2.11738
2.15726
2.16049
2.15046
2.19493
2.17567
2.1326
2.19061
2.20248
2.28024
2.34415
2.31139
2.30336
2.32199
2.27064
2.20996
2.25672
2.24482
2.20357
2.20313
2.26597
2.26248
2.23209
2.14189
2.17234
2.19093
2.10983
2.17119
2.14131
2.16847
2.12512
2.11536
2.12534
2.01543
2.01177
2.01031
1.9969
1.95566
1.95408
1.99154
1.99278
1.94957
1.90452
1.93821
1.95535
1.94278
1.9467
1.9264
1.93749
1.93445
1.90369
1.92454
1.90068
1.92104
1.90148
1.94235
1.94508
1.94819
1.9486
1.94842
1.95579
1.99028
2.00881
1.95224
1.92031
1.92234
1.92705
1.93154
1.91605
1.96536
1.94544
1.89581
1.87986
1.91567
1.90966
1.91491
1.96126
1.91057
1.92968
1.91048
1.92732
1.94765
1.96918
1.92633
1.93706
1.92782
1.97617
1.96541
1.93232
1.93878
1.92818
1.91687
1.92607
1.88724
1.91334
1.95109
1.94101
1.95374
1.94404
1.91807
1.93982
1.93008
1.89429
1.90717
1.90838
1.90883
1.92147
1.97005
2.02416
1.94907
1.96197
1.94083
1.95771
1.96861
1.96866
1.97103
1.97616
1.94911
1.95573
1.98814
2.02051
2.05254
2.02529
2.03342
2.05201
2.04956
2.07895
2.08249
2.02963
2.08486
2.11244
2.12139
2.1659
2.17332
2.13437
2.14107
2.18446
2.17913
2.21504
2.18216
2.12207
2.13804
2.11507
2.10635
2.20788
2.28221
2.38445
2.41127
2.4104
2.44615
2.44752
2.45712
2.42059
2.46039
2.44313
2.50362
2.49452
2.48576
2.48434
2.48605
2.54483
2.51284
2.49272
2.51565
2.52712
2.53232
2.51064
2.5156
2.47263
2.48213
2.4584
2.45059
2.4689
2.45409
2.43762
2.44689
2.38651
2.4439
2.42506
2.42365
2.49006
2.37905
2.37061
2.36519
2.33608
2.32212
2.32454
2.33367
2.33615
2.32617
2.31147
2.25717
2.20422
2.10646
2.11285
2.16928
2.11802
2.10441
2.08021
2.03618
2.04496
2.04563
2.0235
2.05605
2.03954
2.0566
2.04318
2.06465
2.00908
2.07008
2.0444
2.04879
2.0181
1.94855
1.99964
1.96485
2.01452
2.02846
2.0378
2.01219
1.99277
2.00311
2.01839
1.99891
1.98732
2.05356
2.06887
2.05931
2.08849
2.05492
2.0816
2.0661
2.02837
2.05852
2.06942
2.10499
2.07865
2.06085
2.07734
2.07309
2.08308
2.01126
2.02878
2.04912
2.01638
2.04524
2.04404
2.00916
2.01522
1.99513
1.98133
1.95572
1.94911
1.98648
1.99188
1.97745
1.97199
1.97091
1.98917
2.00499
2.02871
2.09954
2.03629
2.03112
2.03424
2.09355
2.07273
2.09865
2.09813
2.09201
2.11058
2.08695
2.06119
2.08521
2.11937
2.08202
2.11723
2.1242
2.05888
2.05328
2.08576
2.10843
2.13774
2.11602
2.12799
2.16136
2.18304
2.19484
2.22048
0.219853
0.234158
0.225728
0.22995
0.223984
0.23139
0.230781
0.216949
0.220083
0.221408
0.22066
0.219414
0.224685
0.22243
0.223159
0.223462
0.222225
0.215457
0.223843
0.204634
0.205262
0.20996
0.205586
0.220559
0.221833
0.219879
0.20936
0.22436
0.225906
0.215282
0.220893
0.232653
0.225495
0.229197
0.242919
0.241143
0.232622
0.23532
0.21143
0.219836
0.227397
0.237893
0.244589
0.238412
0.230838
0.234807
0.232134
0.232336
0.230281
0.233787
0.218034
0.208762
0.220011
0.224759
0.244577
0.219019
0.220773
0.219189
0.214039
0.236368
0.209637
0.205609
0.20533
0.195324
0.213383
0.223777
0.217332
0.227781
0.227609
0.218882
0.224418
0.215518
0.218069
0.203664
0.200212
0.202694
0.20885
0.210464
0.204016
0.205284
0.203105
0.20292
0.196845
0.197563
0.189662
0.18107
0.171841
0.190276
0.206888
0.190076
0.19636
0.19495
0.193761
0.197271
0.189971
0.185116
0.179416
0.177149
0.169156
0.183737
0.171365
0.172585
0.172052
0.173903
0.173336
0.170621
0.159062
0.142713
0.157262
0.157342
0.152876
0.155741
0.150243
0.157183
0.15564
0.159237
0.158
0.157343
0.161857
0.157935
0.132162
0.143645
0.135462
0.141713
0.146635
0.152019
0.139863
0.138706
0.145033
0.140637
0.131924
0.131609
0.128332
0.131202
0.166103
0.150969
0.142944
0.144979
0.146612
0.15774
0.140784
0.132522
0.126934
0.132942
0.139178
0.140393
0.149493
0.141985
0.141909
0.141649
0.275166
0.271411
0.268814
0.274196
0.266787
0.272994
0.267382
0.272244
0.263664
0.264472
0.268085
0.259266
0.254577
0.247921
0.25251
0.248684
0.250384
0.25989
0.264433
0.2569
0.254282
0.261773
0.255124
0.252113
0.260861
0.255821
0.257511
0.258693
0.257105
0.272076
0.27106
0.276046
0.254915
0.253066
0.258516
0.260676
0.262239
0.26085
0.265348
0.267636
0.273764
0.288318
0.279122
0.284836
0.271038
0.268041
0.2726
0.271903
0.273067
0.272852
0.272483
0.265321
0.26484
0.263938
0.259089
0.257028
0.25012
0.24694
0.245461
0.257826
0.255006
0.255838
0.250045
0.240713
0.253894
0.254819
0.239258
0.235666
0.228667
0.249821
0.256347
0.246242
0.251882
0.250429
0.247946
0.247096
0.24216
0.245136
0.232347
0.230123
0.233788
0.236856
0.237935
0.238002
0.231642
0.236581
0.232303
0.233466
0.222387
0.224071
0.220314
0.220766
0.207415
0.222399
0.223589
0.222911
0.226646
0.229433
0.221516
0.222896
0.219851
0.201151
0.199123
0.19206
0.205787
0.206224
0.213712
0.211333
0.206788
0.201475
0.210208
0.207657
0.210323
0.203428
0.199864
0.185541
0.193438
0.200986
0.194555
0.205531
0.199453
0.196115
0.200807
0.200329
0.202762
0.19899
0.185935
0.173436
0.168881
0.173543
0.180847
0.184659
0.189031
0.187714
0.182108
0.192563
0.186329
0.177697
0.171644
0.165279
0.166455
0.186702
0.194633
0.18983
0.185573
0.185903
0.183697
0.187984
0.192589
0.188256
0.218096
0.224007
0.21632
0.22441
0.220797
0.203206
0.227434
0.235734
0.202453
0.201314
0.197971
0.220744
0.206847
0.221247
0.203985
0.205637
0.203121
0.208632
0.229147
0.223434
0.231498
0.234425
0.21947
0.209073
0.224417
0.186703
0.193668
0.208398
0.177169
0.202277
0.226811
0.267197
0.228685
0.229005
0.210538
0.223361
0.21647
0.209995
0.209766
0.225061
0.225437
0.240376
0.256642
0.248826
0.246175
0.226036
0.24652
0.223326
0.208211
0.211308
0.219015
0.227937
0.22522
0.2227
0.226861
0.227832
0.211732
0.205199
0.207024
0.239273
0.221491
0.219547
0.242355
0.263513
0.248467
0.255552
0.245146
0.23263
0.240257
0.259864
0.239855
0.238107
0.221613
0.232163
0.246417
0.269395
0.294648
0.291198
0.276873
0.272832
0.292408
0.301028
0.305013
0.296649
0.269406
0.277885
0.273209
0.310156
0.296379
0.280851
0.252231
0.257435
0.27633
0.295161
0.30364
0.278493
0.255566
0.256224
0.289662
0.295867
0.269862
0.239929
0.225777
0.232937
0.257923
0.273057
0.254839
0.235069
0.22633
0.215898
0.231259
0.23899
0.208778
0.200534
0.197311
0.208031
0.202075
0.199035
0.183256
0.206713
0.252715
0.271837
0.217813
0.210358
0.213646
0.213444
0.282694
0.25357
0.232119
0.22211
0.212965
0.216302
0.234277
0.248037
0.254975
0.258078
0.271942
0.274687
0.274615
0.274946
0.275284
0.27492
0.262205
0.263331
0.260582
0.261122
0.261183
0.262127
0.268995
0.260015
0.204878
0.208456
0.20215
0.201048
0.200945
0.205533
0.206501
0.201332
0.193452
0.197015
0.200843
0.202112
0.208608
0.205109
0.202403
0.194252
0.200669
0.19374
0.195369
0.204641
0.186629
0.18693
0.18829
0.187539
0.187782
0.206962
0.191251
0.196833
0.195452
0.192713
0.190881
0.199415
0.177878
0.180313
0.200455
0.190275
0.197905
0.192786
0.188976
0.199733
0.195003
0.20077
0.201713
0.204246
0.188337
0.187534
0.179969
0.207091
0.205888
0.214395
0.208795
0.210042
0.213786
0.220895
0.220845
0.189625
0.191123
0.198825
0.189373
0.19613
0.205281
0.190564
0.210092
0.211207
0.2089
0.199629
0.201837
0.199477
0.197793
0.214795
0.209665
0.20883
0.20365
0.209233
0.21049
0.203149
0.206234
0.207778
0.197506
0.188603
0.196568
0.204104
0.20266
0.202397
0.195267
0.199326
0.204131
0.200235
0.201543
0.178512
0.184242
0.187107
0.184822
0.189574
0.204555
0.194448
0.204455
0.204321
0.199223
0.189226
0.193332
0.180947
0.186695
0.192578
0.191878
0.196682
0.19286
0.196208
0.194616
0.192733
0.196378
0.195632
0.199229
0.189906
0.189331
0.191396
0.182718
0.187141
0.185711
0.189787
0.186247
0.184532
0.188643
0.191462
0.18894
0.187617
0.185333
0.174548
0.183506
0.18298
0.172357
0.172115
0.172453
0.179488
0.183615
0.175599
0.175036
0.173402
0.169294
0.169778
0.176784
0.172041
0.183996
0.187002
0.187437
0.178407
0.172098
0.172438
0.172164
0.172991
1.26686
1.23794
1.25586
1.26635
1.23228
1.2443
1.21923
1.27253
1.27414
1.28407
1.28056
1.25052
1.24598
1.28971
1.30438
1.2983
1.33983
1.34231
1.34227
1.31398
1.30147
1.27527
1.32056
1.3126
1.31841
1.38474
1.3744
1.3886
1.43404
1.45087
1.46422
1.44442
1.43635
1.43268
1.47106
1.49907
1.4734
1.4792
1.54423
1.54855
1.53677
1.54139
1.54041
1.54798
1.58259
1.63078
1.62949
1.64211
1.64984
1.66915
1.64628
1.6358
1.63622
1.64747
1.66779
1.69699
1.71458
1.74652
1.7547
1.74283
1.75624
1.73366
1.70727
1.73143
1.74874
1.75504
1.78493
1.79839
1.81178
1.82089
1.83141
1.78762
1.77275
1.78033
1.74169
1.75452
1.74101
1.73216
1.76672
1.79149
1.82054
1.8097
1.77761
1.76919
1.77384
1.7838
1.80109
1.80329
1.80771
1.77738
1.82083
1.81226
1.79839
1.8136
1.8457
1.8017
1.82074
1.84487
1.85717
1.87613
1.8653
1.88594
1.86834
1.87741
1.8974
1.8873
1.88541
1.92499
1.92398
1.92782
1.90268
1.91512
1.89226
1.88667
1.91786
1.9429
1.88691
1.95046
1.94948
1.98388
2.04561
1.99345
1.98089
1.96874
1.87936
1.88851
1.88116
1.92635
1.87886
1.86989
1.83956
1.91228
1.88615
1.83736
1.83759
1.86105
1.86413
1.89803
1.94273
1.85656
1.87609
1.92355
1.91492
1.91191
1.92729
1.9266
1.93691
1.89493
1.94101
1.88311
1.3596
1.29529
1.24841
1.26907
1.25926
1.19695
1.20317
1.23349
1.22471
1.23458
1.2831
1.32347
1.34887
1.30096
1.31699
1.35145
1.41273
1.39673
1.43347
1.41746
1.40817
1.41178
1.39378
1.44001
1.42903
1.45764
1.47252
1.51669
1.52301
1.53538
1.57585
1.51755
1.5604
1.59737
1.61921
1.56728
1.61038
1.59083
1.60098
1.64805
1.68504
1.7108
1.66329
1.64015
1.63885
1.63474
1.63183
1.64872
1.65599
1.675
1.73563
1.72517
1.74754
1.75888
1.75448
1.72497
1.74829
1.61878
1.64294
1.61996
1.60438
1.57811
1.5614
1.59158
1.61208
1.59397
1.56411
1.58579
1.5802
1.65354
1.66766
1.60636
1.58931
1.60931
1.62521
1.61869
1.5978
1.62951
1.63133
1.6682
1.72156
1.71944
1.71812
1.68134
1.67083
1.67338
1.6955
1.72223
1.72322
1.73968
1.74462
1.7758
1.77522
1.76181
1.75838
1.75164
1.78393
1.82002
1.82274
1.78564
1.77507
1.77339
1.76845
1.81084
1.78528
1.76619
1.74008
1.7756
1.75562
1.70798
1.69832
1.72663
1.68843
1.72606
1.72074
1.73573
1.6837
1.73615
1.6799
1.73044
1.73144
1.71548
1.6899
1.67911
1.65455
1.68829
1.70548
1.70336
1.68445
1.73289
1.71244
1.70604
1.72109
1.65502
1.70809
1.72236
1.77052
1.77214
1.79331
1.75377
1.71727
1.72757
1.72396
1.74695
1.69128
1.67844
1.666
1.65104
1.66868
1.62544
1.85892
1.8668
1.85431
1.88996
1.82575
1.84228
1.84433
1.84238
1.85164
1.92047
1.8666
1.87356
1.91503
1.87743
1.88436
1.90462
1.8522
1.89325
1.89203
1.9353
1.91006
1.94706
1.9344
1.89769
1.88156
1.92361
1.94479
1.96043
1.99702
2.00194
2.03344
2.04279
2.05525
2.05361
2.02496
2.04337
2.01795
1.98925
2.0383
2.0659
2.04382
2.09402
2.12412
2.11854
2.15265
2.11692
2.11054
2.16177
2.18004
2.17911
2.15554
2.11928
2.131
2.15496
2.13713
2.12249
2.13216
2.12076
2.17539
2.17485
2.15561
2.17092
2.18128
2.18394
2.17904
2.18289
2.1635
2.2011
2.20325
2.25445
2.24424
2.22405
2.22291
2.22446
2.21019
2.21433
2.19261
2.23444
2.25052
2.26283
2.30008
2.29164
2.25865
2.2332
2.2307
2.21034
2.19604
2.20334
2.21199
2.23968
2.2247
2.19331
2.17789
2.18345
2.14134
2.07868
2.08016
2.06839
2.07578
2.11558
2.151
2.15235
2.12437
2.15174
2.13619
2.08916
2.07229
2.09644
2.06282
2.10539
2.11936
2.14241
2.16867
2.16182
2.17597
2.1761
2.11296
2.11165
2.14345
2.13006
2.14586
2.09886
2.11045
2.12612
2.11987
2.11275
2.09851
2.08424
2.078
2.05198
2.04938
2.04357
2.02033
1.99072
2.03233
2.06773
2.04455
2.06259
2.04483
2.04563
2.05191
2.04727
2.0325
2.03806
2.06151
2.0737
2.05644
2.05375
2.05812
2.02124
1.9143
1.93873
1.87129
1.92177
1.88298
1.89066
1.89277
1.91211
1.91015
1.90477
1.93299
1.94739
1.95152
1.94553
1.95646
1.96869
1.96649
1.9535
1.96408
1.9699
1.973
1.98509
1.97583
2.03627
2.03395
2.06459
2.11247
2.13571
2.11471
2.11918
2.09517
2.0778
2.09669
2.08262
2.08029
2.1161
2.15185
2.11116
2.18838
2.18002
2.13638
2.13869
2.11574
2.13964
2.14583
2.14983
2.14478
2.22567
2.20002
2.26015
2.20845
2.20563
2.19851
2.22744
2.25869
2.23957
2.2913
2.31842
2.338
2.3087
2.32134
2.32026
2.26569
2.30833
2.33825
2.30672
2.32397
2.34062
2.35992
2.35349
2.33341
2.29454
2.30206
2.32967
2.28746
2.32118
2.29948
2.27335
2.29698
2.30415
2.26979
2.26099
2.2423
2.26187
2.29992
2.28861
2.28871
2.26269
2.21929
2.20576
2.13618
2.13238
2.09156
2.07205
2.16078
2.1627
2.18803
2.14339
2.20382
2.21174
2.18816
2.14497
2.1711
2.1811
2.24407
2.18142
2.17965
2.21234
2.17968
2.1909
2.13818
2.16933
2.12971
2.14238
2.11715
2.16394
2.12954
2.15825
2.16976
2.22047
2.16297
2.15378
2.11824
2.10868
2.06215
2.0351
2.01203
1.99041
1.9569
1.9696
1.97765
1.97728
1.96728
1.90153
1.95341
1.95048
1.94097
1.99223
1.95874
1.94509
1.95179
1.9708
1.97325
1.98192
1.99394
1.96998
2.0094
1.97438
2.00089
1.95412
1.65758
1.66685
1.66616
1.71273
1.67679
1.6571
1.64581
1.64644
1.65999
1.65954
1.67472
1.69086
1.71194
1.68227
1.68059
1.68963
1.71786
1.75681
1.65657
1.69922
1.63797
1.7454
1.61651
1.68029
1.72421
1.7883
1.76034
1.77962
1.74639
1.7956
1.73881
1.73774
1.77962
1.79621
1.81162
1.72482
1.7481
1.7644
1.81336
1.71087
1.76027
1.75279
1.71372
1.68445
1.77552
1.71179
1.71179
1.76934
1.72095
1.72133
1.82058
1.70928
1.68345
1.68561
1.64579
1.64425
1.71226
1.69223
1.70446
1.69364
1.68081
1.68656
1.73298
1.65176
1.6844
1.62415
1.67939
1.70705
1.70272
1.66009
1.65648
1.60876
1.6665
1.68401
1.70228
1.6539
1.63735
1.65579
1.62463
1.62339
1.62139
1.64546
1.62012
1.64351
1.6733
1.64106
1.56967
1.59592
1.59073
1.536
1.60461
1.55716
1.54162
1.56183
1.50128
1.59581
1.5871
1.52733
1.41784
1.48377
1.5088
1.55651
1.57313
1.5197
1.47554
1.44117
1.50631
1.54321
1.54822
1.61355
1.5138
1.5879
1.56487
1.53504
1.51276
1.52292
1.51483
1.50812
1.49178
1.49275
1.55046
1.53464
1.54749
2.4968
2.47788
2.56193
2.44239
2.43333
2.42318
2.38516
2.43214
2.43679
2.47532
2.43512
2.47374
2.51242
2.51022
2.50669
2.55281
2.45926
2.45117
2.50994
2.54956
2.54031
2.56532
2.52967
2.59194
2.56617
2.61637
2.51722
1.62001
1.51441
1.57258
1.63954
1.60011
1.5995
1.62014
1.60104
1.61241
1.6498
1.64383
1.63508
1.6777
1.69489
1.61464
1.60936
1.63779
1.63263
1.66191
1.66749
1.66573
1.63116
1.59478
1.6214
1.64743
1.67192
1.69196
1.66558
1.70102
1.73872
1.69172
1.60184
1.73738
1.75985
1.72876
1.69642
1.71304
1.67398
1.72911
1.70319
1.69899
1.67765
1.78332
1.74982
1.74577
1.71291
1.70767
1.715
1.74367
1.71941
1.73197
1.73847
1.70411
1.73253
1.74547
1.71479
1.72239
1.73253
1.65322
1.6591
1.71662
1.69644
1.66084
1.66353
1.69123
1.64089
1.74206
1.68816
1.71864
1.69221
1.68587
1.70408
1.68442
1.71092
1.70277
1.67323
1.69747
1.67421
1.6283
1.57671
1.62477
1.59405
1.51818
1.50093
1.48318
1.43073
1.52075
1.52483
1.44747
1.45686
1.53719
1.57102
1.59723
1.55211
1.53489
1.59945
1.56102
1.55809
1.56085
1.49194
1.52087
1.52388
1.51862
1.55657
1.59446
1.56163
1.58355
1.54546
1.51117
1.59882
1.55794
1.51801
1.55339
1.56237
1.6317
1.61064
1.6033
1.54039
1.59095
2.47443
2.43811
2.42786
2.47787
2.43678
2.43591
2.47481
2.46388
2.46199
2.44625
2.37389
0.266967
0.286489
0.298126
0.282055
0.291442
0.287684
0.302963
0.287606
0.296818
0.290854
0.27447
0.271884
0.275414
0.282233
0.282457
0.276082
0.288413
0.306496
0.301573
0.274444
