566.11
567.64
573.15
576.87
578.06
579.13
585.97
585.75
585.73
585.53
585.83
585.97
585.96
585.96
586.04
586.02
586.02
586.02
586.02
586.02
586.02
586.02
586.02
586.02
586.02
586.02
586.02
586.02
586.02
586.02
586.02
586.02
586.02
586.02
586.02
586.02
586.02
586.02
586.02
586.02
586.02
586.02
586.02
586.02
586.02
586.02
586.02
586.02
586.02
586.02
586.02
586.02
586.02
586.02
586.02
586.02
586.02
586.02
586.02
586.02
586.02
586.02
586.02
586.02
586.02
586.02
586.02
586.02
586.02
586.02
586.02
586.02
586.02
586.02
586.02
586.02
586.02
586.02
586.02
586.02
586.02
586.02
586.02
586.02
586.02
586.02
586.02
586.02
586.02
586.02
586.02
586.02
586.02
586.02
586.02
586.02
586.02
586.02
586.02
586.02
586.02
586.02
586.02
586.02
586.02
586.02
586.02
586.02
586.02
586.02
586.02
586.02
586.02
586.02
586.02
586.02
586.02
586.02
586.02
586.02
586.02
586.02
586.02
586.02
586.02
586.02
586.02
586.02
586.02
586.02
586.02
586.02
586.02
586.02
586.02
586.02
586.02
586.02
586.02
586.02
586.02
586.02
586.02
586.02
586.02
586.02
586.02
586.02
586.02
586.02
